[gd_scene load_steps=9 format=3 uid="uid://bqv7os70gkkry"]

[ext_resource type="Script" path="res://untitled.gd" id="1_h66ra"]
[ext_resource type="Script" path="res://SpringArm3D.gd" id="1_n7c4b"]
[ext_resource type="PackedScene" uid="uid://b7hj3bqunfp28" path="res://animations/fox_body_5.tscn" id="2_bv0bc"]
[ext_resource type="AudioStream" uid="uid://b4u1ljfga0y8u" path="res://sounds/walking_forest.wav" id="4_7yk0k"]
[ext_resource type="Script" path="res://animations/AudioStreamPlayer.gd" id="5_wr332"]
[ext_resource type="Curve3D" uid="uid://crvnr6ycidjg8" path="res://steve/ensnarement_path.tres" id="6_2xyte"]

[sub_resource type="CapsuleShape3D" id="CapsuleShape3D_eoyi7"]
radius = 0.422758
height = 2.00779

[sub_resource type="BoxShape3D" id="BoxShape3D_hlt1d"]
size = Vector3(1.20925, 0.463727, 1.5444)

[node name="untitled" type="CharacterBody3D"]
collision_layer = 2
collision_mask = 2
script = ExtResource("1_h66ra")

[node name="CollisionShape3D" type="CollisionShape3D" parent="."]
transform = Transform3D(1, 0, 0, 0, 1, 0, 0, 0, 1, -0.0138035, 0.0755358, -0.0354961)
shape = SubResource("CapsuleShape3D_eoyi7")

[node name="SpringArm3D" type="SpringArm3D" parent="."]
collision_mask = 4
spring_length = 3.0
margin = 0.02
script = ExtResource("1_n7c4b")

[node name="Camera3D" type="Camera3D" parent="SpringArm3D"]
current = true

[node name="untitled" parent="." instance=ExtResource("2_bv0bc")]
transform = Transform3D(-1, 0, -8.74228e-08, 0, 1, 0, 8.74228e-08, 0, -1, 0, -0.801083, 0)

[node name="Armature (Mecha g)" parent="untitled" index="0"]
transform = Transform3D(0.722596, 0.0533373, -0.689211, 0.000318226, 0.996993, 0.0774901, 0.691272, -0.0562132, 0.720407, -0.057802, -0.136614, 0.054918)

[node name="Skeleton3D" parent="untitled/Armature (Mecha g)" index="0"]
bones/1/rotation = Quaternion(0.770501, 0.0618054, 0.0408128, 0.633121)
bones/2/rotation = Quaternion(0.139771, 0.134421, -0.030615, 0.98054)
bones/3/rotation = Quaternion(0.103764, -0.00363595, 0.001036, 0.994595)
bones/4/rotation = Quaternion(-0.114466, -0.00362104, 0.001088, 0.99342)
bones/5/rotation = Quaternion(6.51926e-09, -1.16415e-10, 2.79397e-09, 1)
bones/6/rotation = Quaternion(-0.458609, -0.543131, -0.40553, 0.574658)
bones/7/rotation = Quaternion(-0.682167, -0.058858, -0.0495949, 0.727135)
bones/8/rotation = Quaternion(-0.00145806, 0.012843, -0.405178, 0.914146)
bones/9/rotation = Quaternion(0.159962, 0.109969, -0.033637, 0.980402)
bones/11/rotation = Quaternion(-0.43689, 0.574694, 0.451607, 0.524314)
bones/12/rotation = Quaternion(-0.642887, -0.0043171, -0.174889, 0.745716)
bones/13/rotation = Quaternion(-0.057055, 0.075006, 0.357782, 0.929038)
bones/14/rotation = Quaternion(-0.117622, -0.034061, 0.088237, 0.988544)
bones/16/rotation = Quaternion(-0.940238, -0.128087, -0.0276796, 0.314292)
bones/17/rotation = Quaternion(0.701828, 0.128945, 0.050625, 0.698747)
bones/18/rotation = Quaternion(-0.638811, -0.016423, 0.034656, 0.768407)
bones/19/rotation = Quaternion(0.0229739, -0.918688, 0.393928, 0.0174663)
bones/21/rotation = Quaternion(-0.813427, 0.210672, 0.0965717, 0.533505)
bones/22/rotation = Quaternion(0.695843, 0.035297, -0.0595529, 0.71485)
bones/23/rotation = Quaternion(-0.762435, 0.0369319, -0.13704, 0.631308)
bones/24/rotation = Quaternion(0.00175608, -0.920957, 0.389641, 0.00395571)

[node name="Physical Bone Hips" parent="untitled/Armature (Mecha g)/Skeleton3D" index="1"]
transform = Transform3D(-0.998717, -0.000352621, -1.01589e-05, -2.81744e-05, -0.0362024, -0.980348, -0.00115639, -0.99842, 0.035159, -0.000145318, 0.968536, -0.0132335)
joint_offset = Transform3D(1, 0, 0, 0, 1, 0, 0, 0, 1, -0.000146468, 0.0011107, 0.0552425)
body_offset = Transform3D(-0.998717, -0.000352621, -1.01589e-05, 0.00115639, 0.99842, -0.035159, -2.81706e-05, -0.0362024, -0.980348, -0.000145327, 0.000833494, 0.0541971)

[node name="Physical Bone Spine" parent="untitled/Armature (Mecha g)/Skeleton3D" index="2"]
transform = Transform3D(0.998538, -0.00240234, 0.0278917, 0.0276392, -0.05281, -0.992955, 0.00413582, 0.998465, -0.0522074, -0.00583101, 1.25879, -0.00616398)
joint_offset = Transform3D(1, 0, 0, 0, 1, 0, 0, 0, 1, -0.000125141, 0.000114392, 0.213549)
body_offset = Transform3D(0.986551, -0.14826, 0.0505158, 0.0713937, 0.138488, -0.982517, 0.139572, 0.979064, 0.146875, -0.0106472, 0.209809, -0.0314596)

[node name="Physical Bone Chest" parent="untitled/Armature (Mecha g)/Skeleton3D" index="3"]
transform = Transform3D(0.986954, -0.00742739, 0.150147, 0.149534, -0.0491839, -0.987094, 0.0147637, 0.999652, -0.0476995, -0.0261561, 1.568, 0.00933627)
joint_offset = Transform3D(1, 0, 0, 0, 1, 0, 0, 0, 1, 0.0282407, 0.0583751, 0.113058)
body_offset = Transform3D(0.89652, -0.417216, 0.14044, 0.312521, 0.38149, -0.869684, 0.308609, 0.825939, 0.472336, -0.0168412, 0.0672294, -0.110331)

[node name="Physical Bone Neck" parent="untitled/Armature (Mecha g)/Skeleton3D" index="4"]
transform = Transform3D(0.983979, 0.0361531, 0.171418, 0.174866, -0.244403, -0.954611, 0.00739506, 0.969079, -0.24706, -0.0557521, 1.74181, 0.0358993)
joint_offset = Transform3D(1, 0, 0, 0, 1, 0, 0, 0, 1, 0.087268, 0.137136, 0.0994572)
body_offset = Transform3D(0.899804, -0.36108, 0.243119, 0.381499, 0.386879, -0.840142, 0.208947, 0.848587, 0.486579, -0.053187, -0.0027895, -0.183)

[node name="Physical Bone Head" parent="untitled/Armature (Mecha g)/Skeleton3D" index="5"]
transform = Transform3D(0.973366, 0.00373673, 0.199373, 0.198196, -0.0130314, -0.976955, -2.0057e-05, 0.998061, -0.0137089, -0.0889966, 1.91441, 0.0593182)
joint_offset = Transform3D(1, 0, 0, 0, 1, 0, 0, 0, 1, 0.152286, 0.192437, 0.180159)
body_offset = Transform3D(0.895846, -0.392518, 0.176836, 0.338906, 0.398255, -0.848822, 0.263297, 0.82682, 0.492553, -0.0927487, 0.024673, -0.287945)

[node name="Physical Bone Left shoulder" parent="untitled/Armature (Mecha g)/Skeleton3D" index="6"]
transform = Transform3D(-0.0265323, -0.392226, -0.918951, -0.018743, 0.921334, -0.391826, 0.999183, 0.00687771, -0.0317533, 0.0585473, 1.64037, 0.0182555)
joint_offset = Transform3D(1, 0, 0, 0, 1, 0, 0, 0, 1, 0.105723, -0.0515477, 0.0284265)
body_offset = Transform3D(0.779176, -0.566382, -0.268895, -0.38667, -0.0961559, -0.916627, 0.492741, 0.820189, -0.294104, -0.103929, 0.0619799, -0.00145501)

[node name="Physical Bone Left arm" parent="untitled/Armature (Mecha g)/Skeleton3D" index="7"]
transform = Transform3D(-0.649474, 0.709221, -0.272439, -0.0328171, 0.331419, 0.944024, 0.758893, 0.621312, -0.192402, 0.188668, 1.51735, 0.0531226)
joint_offset = Transform3D(1, 0, 0, 0, 1, 0, 0, 0, 1, -0.017999, 0.0581706, 0.0994224)
body_offset = Transform3D(0.367679, 0.744043, -0.557774, -0.399948, -0.413861, -0.818559, -0.838848, 0.523432, 0.145854, 0.0187917, 0.098259, -0.0600479)

[node name="Physical Bone Left elbow" parent="untitled/Armature (Mecha g)/Skeleton3D" index="8"]
transform = Transform3D(-0.603698, 0.771535, -0.196025, 0.109409, 0.323569, 0.939969, 0.788806, 0.545422, -0.28048, 0.256699, 1.25483, 0.117735)
joint_offset = Transform3D(1, 0, 0, 0, 1, 0, 0, 0, 1, -0.158417, -0.0655859, 0.124612)
body_offset = Transform3D(0.659807, 0.732755, 0.160016, -0.0709795, 0.272835, -0.95966, -0.747164, 0.621352, 0.232558, 0.132643, 0.126235, -0.106591)

[node name="Physical Bone Left wrist" parent="untitled/Armature (Mecha g)/Skeleton3D" index="9"]
transform = Transform3D(-0.666857, 0.738116, 0.098502, 0.363203, 0.206901, 0.907248, 0.64999, 0.641201, -0.40617, 0.265517, 1.03721, 0.200625)
joint_offset = Transform3D(1, 0, 0, 0, 1, 0, 0, 0, 1, -0.161835, -0.0213604, 0.192744)
body_offset = Transform3D(0.792668, 0.608279, -0.0191919, -0.479262, 0.604331, -0.635305, -0.375616, 0.513364, 0.770581, 0.144974, 0.0577982, -0.198347)

[node name="Physical Bone Right shoulder" parent="untitled/Armature (Mecha g)/Skeleton3D" index="10"]
transform = Transform3D(-0.0767489, -0.0993418, 0.99162, -0.0164394, 0.994361, 0.0984923, -0.996897, -0.00860067, -0.0778981, -0.130136, 1.58967, 0.0223835)
joint_offset = Transform3D(1, 0, 0, 0, 1, 0, 0, 0, 1, -0.117803, -0.0277871, 0.158133)
body_offset = Transform3D(0.812181, 0.481112, -0.329176, -0.47565, 0.219714, -0.851283, -0.337761, 0.847911, 0.40748, 0.1611, 0.0846878, -0.0806644)

[node name="Physical Bone Right arm" parent="untitled/Armature (Mecha g)/Skeleton3D" index="11"]
transform = Transform3D(-0.245263, -0.962057, 0.111943, -0.108355, 0.138314, 1.00141, -0.983654, 0.225931, -0.137186, -0.24023, 1.41769, 0.0521079)
joint_offset = Transform3D(1, 0, 0, 0, 1, 0, 0, 0, 1, -0.214835, -0.0554156, 0.172365)
body_offset = Transform3D(0.76201, 0.0107107, 0.674774, 0.637902, 0.322428, -0.722372, -0.227801, 0.944275, 0.238812, 0.047993, 0.279423, -0.0377749)

[node name="Physical Bone Right elbow" parent="untitled/Armature (Mecha g)/Skeleton3D" index="12"]
transform = Transform3D(-0.15509, -0.983487, 0.0902406, -0.209794, 0.121902, 0.96991, -0.967226, 0.131171, -0.225145, -0.268739, 1.14621, 0.100216)
joint_offset = Transform3D(1, 0, 0, 0, 1, 0, 0, 0, 1, -0.0252802, 0.0501991, 0.215144)
body_offset = Transform3D(0.98832, 0.147428, 0.0709393, 0.0430578, 0.183192, -0.981906, -0.157997, 0.971606, 0.174319, 0.00232202, 0.203144, -0.0902717)

[node name="Physical Bone Right wrist" parent="untitled/Armature (Mecha g)/Skeleton3D" index="13"]
transform = Transform3D(-0.260679, -0.958321, 0.129507, -0.201349, 0.185128, 0.96148, -0.946014, 0.224972, -0.240213, -0.292989, 0.958658, 0.185164)
joint_offset = Transform3D(1, 0, 0, 0, 1, 0, 0, 0, 1, 0.0305589, 0.0844765, 0.194423)
body_offset = Transform3D(0.9901, 0.113694, -0.10063, -0.0877692, -0.113687, -0.989101, -0.124245, 0.988642, -0.102323, -0.0202961, 0.20459, -0.0598263)

[node name="Physical Bone Left leg" parent="untitled/Armature (Mecha g)/Skeleton3D" index="14"]
transform = Transform3D(0.901421, -0.0579182, -0.427657, 0.28896, -0.654772, 0.698507, -0.320272, -0.755451, -0.572827, 0.184438, 0.763553, 0.100934)
joint_offset = Transform3D(1, 0, 0, 0, 1, 0, 0, 0, 1, 0.0020014, -0.0081158, 0.207434)
body_offset = Transform3D(0.980337, 0.026089, -0.192365, -0.182418, -0.214035, -0.95919, -0.0655299, 0.977904, -0.204655, 0.0381528, 0.197597, 0.0505201)

[node name="Physical Bone Left knee" parent="untitled/Armature (Mecha g)/Skeleton3D" index="15"]
transform = Transform3D(0.895278, -0.440846, 0.0236585, 0.202767, 0.460745, 0.865334, -0.391163, -0.770173, 0.502381, 0.267922, 0.459489, 0.123235)
joint_offset = Transform3D(1, 0, 0, 0, 1, 0, 0, 0, 1, -0.0840577, -0.00956489, 0.275057)
body_offset = Transform3D(0.888839, -0.442112, 0.1045, 0.151872, 0.0728058, -0.986407, 0.427254, 0.893887, 0.133534, 0.0417415, 0.284781, 0.00773439)

[node name="Physical Bone Left ankle" parent="untitled/Armature (Mecha g)/Skeleton3D" index="16"]
transform = Transform3D(0.887144, -0.290598, -0.355601, 0.0194049, -0.748387, 0.666291, -0.45755, -0.594645, -0.663224, 0.314453, 0.194748, 0.12017)
joint_offset = Transform3D(1, 0, 0, 0, 1, 0, 0, 0, 1, -0.0409723, -0.0720906, 0.180197)
body_offset = Transform3D(0.88077, -0.296873, -0.366226, -0.327981, 0.167795, -0.934674, 0.336787, 0.939066, 0.0502486, 0.0806783, 0.167084, 0.0724421)

[node name="Physical Bone Left toe" parent="untitled/Armature (Mecha g)/Skeleton3D" index="17"]
transform = Transform3D(-0.884625, -0.0260317, -0.456978, -0.020434, 1.00135, -0.0165929, 0.456886, -0.00545892, -0.88791, 0.380552, 0.0997207, 0.244914)
joint_offset = Transform3D(1, 0, 0, 0, 1, 0, 0, 0, 1, 0.13582, 0.0560767, 0.0593124)
body_offset = Transform3D(0.850611, 0.016686, 0.518179, 0.517834, -0.0381799, -0.852816, 0.00564547, 1.00084, -0.0410447, -0.1472, -0.0176086, -0.0544561)

[node name="Physical Bone Right leg" parent="untitled/Armature (Mecha g)/Skeleton3D" index="18"]
transform = Transform3D(0.952249, 0.0846612, 0.17704, -0.0806015, -0.622835, 0.775913, 0.174096, -0.776912, -0.60383, -0.134089, 0.755426, 0.110929)
joint_offset = Transform3D(1, 0, 0, 0, 1, 0, 0, 0, 1, -0.000108786, -0.000279456, 0.204572)
body_offset = Transform3D(0.922471, 0.127208, -0.283028, -0.298275, 0.211809, -0.927287, -0.0605231, 0.968317, 0.240889, 0.0580356, 0.189724, -0.0490152)

[node name="Physical Bone Right knee" parent="untitled/Armature (Mecha g)/Skeleton3D" index="19"]
transform = Transform3D(0.980215, 0.125875, -0.147879, 0.0415612, 0.606369, 0.792037, 0.189858, -0.782732, 0.590669, -0.141271, 0.441657, 0.118491)
joint_offset = Transform3D(1, 0, 0, 0, 1, 0, 0, 0, 1, -0.128829, 0.0580022, 0.132936)
body_offset = Transform3D(0.926967, -0.336808, -0.159715, -0.010653, 0.404023, -0.913746, 0.373113, 0.848247, 0.370998, 0.160188, 0.0966631, -0.0504513)

[node name="Physical Bone Right ankle" parent="untitled/Armature (Mecha g)/Skeleton3D" index="20"]
transform = Transform3D(0.984058, 0.120703, 0.128704, 0.00370751, -0.742413, 0.668801, 0.176686, -0.658264, -0.73098, -0.130955, 0.190011, 0.108401)
joint_offset = Transform3D(1, 0, 0, 0, 1, 0, 0, 0, 1, -0.134226, 0.0517187, 0.35562)
body_offset = Transform3D(0.951273, -0.174017, -0.253795, -0.233444, 0.1299, -0.962743, 0.200462, 0.975655, 0.0831051, 0.22694, 0.304318, -0.0531062)

[node name="Physical Bone Right toe" parent="untitled/Armature (Mecha g)/Skeleton3D" index="21"]
transform = Transform3D(-0.981947, 0.00280052, 0.176132, -0.00354945, 1.00291, -0.035785, -0.176138, -0.0359837, -0.982143, -0.15522, 0.0944725, 0.246906)
joint_offset = Transform3D(1, 0, 0, 0, 1, 0, 0, 0, 1, 0.202279, 0.0896741, 0.254998)
body_offset = Transform3D(0.947355, 0.0464185, 0.309685, 0.311908, -0.0699745, -0.945783, -0.0221199, 1.00004, -0.0806073, -0.274762, 0.184355, -0.0646486)

[node name="Physical Bone Spine001" parent="untitled/Armature (Mecha g)/Skeleton3D" index="22"]
transform = Transform3D(0.980765, 0.181881, -0.0700611, -0.109696, 0.811108, 0.573852, 0.161319, -0.555347, 0.815159, 0.0333005, 0.754057, -0.345203)
joint_offset = Transform3D(1, 0, 0, 0, 1, 0, 0, 0, 1, -6.06356e-05, 0.000716093, 0.16917)
body_offset = Transform3D(0.999979, -3.07262e-05, -4.12166e-05, 0.000121415, -9.97037e-05, -0.999349, -0.000150174, 0.999694, -8.25226e-05, 6.76289e-05, 0.16906, -0.000701923)

[node name="Physical Bone Spine002" parent="untitled/Armature (Mecha g)/Skeleton3D" index="23"]
transform = Transform3D(0.987135, 0.153406, -0.0292495, -0.151939, 0.988722, 0.0371996, 0.0346933, -0.0321934, 0.99845, 0.053563, 0.646181, -0.774715)
joint_offset = Transform3D(1, 0, 0, 0, 1, 0, 0, 0, 1, 3.8814e-05, 0.00075668, 0.292035)
body_offset = Transform3D(0.999362, -5.64475e-05, 8.80063e-05, -2.62856e-05, -7.13971e-05, -0.999571, 0.000146329, 1.00107, 7.81361e-05, -6.44475e-05, 0.29191, -0.000780314)

[node name="Physical Bone Spine003" parent="untitled/Armature (Mecha g)/Skeleton3D" index="24"]
transform = Transform3D(0.988453, 0.150451, -0.019474, -0.151595, 0.984377, -0.0776329, 0.00772071, 0.0802293, 0.988804, 0.0726048, 0.68804, -1.62124)
joint_offset = Transform3D(1, 0, 0, 0, 1, 0, 0, 0, 1, -8.48281e-05, -0.000101568, 0.186694)
body_offset = Transform3D(1.00004, 5.35101e-05, -9.37581e-05, -0.000249803, -1.76728e-05, -0.992038, 5.27427e-05, 0.999035, -3.6411e-05, 0.000102341, 0.185208, 0.000108272)

[node name="BoneAttachment3D" parent="untitled/Armature (Mecha g)/Skeleton3D" index="25"]
transform = Transform3D(-0.379107, 0.00336314, -0.925347, -0.274388, -0.955428, 0.108942, -0.883736, 0.295204, 0.363133, -0.355866, 0.909412, 0.204461)

[node name="shape_upper_pickup" parent="untitled/upper_pickup_box" index="0"]
shape = SubResource("BoxShape3D_hlt1d")

[node name="AudioStreamPlayer" type="AudioStreamPlayer" parent="."]
stream = ExtResource("4_7yk0k")
script = ExtResource("5_wr332")

[node name="Path3D" type="Path3D" parent="."]
curve = ExtResource("6_2xyte")

[editable path="untitled"]
