[gd_scene load_steps=6 format=3 uid="uid://bqv7os70gkkry"]

[ext_resource type="Script" path="res://untitled.gd" id="1_h66ra"]
[ext_resource type="Script" path="res://SpringArm3D.gd" id="1_n7c4b"]
[ext_resource type="PackedScene" uid="uid://b7hj3bqunfp28" path="res://animations/fox_body_5.tscn" id="2_bv0bc"]

[sub_resource type="CapsuleShape3D" id="CapsuleShape3D_eoyi7"]
radius = 0.422758
height = 2.00779

[sub_resource type="BoxShape3D" id="BoxShape3D_hlt1d"]
size = Vector3(1.20925, 0.463727, 1.5444)

[node name="untitled" type="CharacterBody3D"]
collision_layer = 2
collision_mask = 2
script = ExtResource("1_h66ra")

[node name="CollisionShape3D" type="CollisionShape3D" parent="."]
transform = Transform3D(1, 0, 0, 0, 1, 0, 0, 0, 1, -0.0138035, 0.0755358, -0.0354961)
shape = SubResource("CapsuleShape3D_eoyi7")

[node name="SpringArm3D" type="SpringArm3D" parent="."]
collision_mask = 4
spring_length = 3.0
margin = 0.02
script = ExtResource("1_n7c4b")

[node name="Camera3D" type="Camera3D" parent="SpringArm3D"]
current = true

[node name="untitled" parent="." instance=ExtResource("2_bv0bc")]
transform = Transform3D(-1, 0, -8.74228e-08, 0, 1, 0, 8.74228e-08, 0, -1, 0, -0.801083, 0)

[node name="Physical Bone Hips" parent="untitled/Armature (Mecha g)/Skeleton3D" index="1"]
transform = Transform3D(-0.998766, -0.000348136, -9.49879e-05, -2.64857e-05, -0.0362012, -0.980352, -0.00115226, -0.998423, 0.0351591, 6.19898e-05, 0.980484, -0.0147831)
joint_offset = Transform3D(1, 0, 0, 0, 1, 0, 0, 0, 1, 5.56457e-05, -1.09563e-05, 0.0674709)
body_offset = Transform3D(-0.998766, -0.000348136, -9.49905e-05, 0.00115225, 0.998423, -0.0351591, -2.64838e-05, -0.0362012, -0.980352, 6.19823e-05, 0.00238309, 0.0661448)

[node name="Physical Bone Spine" parent="untitled/Armature (Mecha g)/Skeleton3D" index="2"]
transform = Transform3D(0.998534, -0.00240126, 0.0277653, 0.0276385, -0.0528151, -0.997877, 0.00413959, 0.998818, -0.0527133, -0.00583147, 1.25881, -0.00616384)
joint_offset = Transform3D(1, 0, 0, 0, 1, 0, 0, 0, 1, -6.85855e-05, 0.000167215, 0.212509)
body_offset = Transform3D(0.998407, -0.0197978, 0.0251027, 0.0252911, 0.00644085, -0.999315, 0.0198806, 1, 0.00691862, -0.00526276, 0.212364, -0.00163612)

[node name="Physical Bone Chest" parent="untitled/Armature (Mecha g)/Skeleton3D" index="3"]
transform = Transform3D(0.986954, -0.00743659, 0.150154, 0.149534, -0.0491865, -0.987131, 0.0147638, 0.999668, -0.047701, -0.0261563, 1.568, 0.00933664)
joint_offset = Transform3D(1, 0, 0, 0, 1, 0, 0, 0, 1, 0.00939422, 0.0031816, 0.105495)
body_offset = Transform3D(0.99291, -0.0563325, 0.0873149, 0.0886102, 0.0211257, -0.995472, 0.0541744, 0.999095, 0.0257238, -0.0183597, 0.104118, -0.00640139)

[node name="Physical Bone Neck" parent="untitled/Armature (Mecha g)/Skeleton3D" index="4"]
transform = Transform3D(0.984008, 0.03613, 0.171417, 0.174934, -0.244316, -0.954599, 0.0073863, 0.969006, -0.247057, -0.055753, 1.74184, 0.0358934)
joint_offset = Transform3D(1, 0, 0, 0, 1, 0, 0, 0, 1, 0.0271074, 0.00791073, 0.0919628)
body_offset = Transform3D(0.994423, -0.0313974, 0.0952172, 0.0959995, 0.0241337, -0.995933, 0.0288989, 0.9992, 0.0270644, -0.0354643, 0.0887956, -0.0111767)

[node name="Physical Bone Head" parent="untitled/Armature (Mecha g)/Skeleton3D" index="5"]
transform = Transform3D(0.973365, 0.00373107, 0.199373, 0.198197, -0.0130327, -0.976955, -2.08393e-05, 0.998044, -0.0137088, -0.0889965, 1.91441, 0.0593186)
joint_offset = Transform3D(1, 0, 0, 0, 1, 0, 0, 0, 1, 0.0442664, 0.01106, 0.0976869)
body_offset = Transform3D(0.988681, -0.0458808, 0.0847386, 0.0852548, 0.0262797, -0.993129, 0.0442935, 0.996735, 0.0298788, -0.0515358, 0.0929511, -0.0159034)

[node name="Physical Bone Left shoulder" parent="untitled/Armature (Mecha g)/Skeleton3D" index="6"]
transform = Transform3D(-0.0265375, -0.39223, -0.918975, -0.0187389, 0.921348, -0.391826, 0.999226, 0.00687632, -0.0317561, 0.0585474, 1.64039, 0.0182531)
joint_offset = Transform3D(1, 0, 0, 0, 1, 0, 0, 0, 1, 0.00486034, -0.00915194, 0.0710919)
body_offset = Transform3D(0.995556, -0.0481737, -0.0777999, -0.0844157, -0.154469, -0.983829, 0.0353509, 0.988227, -0.15836, 0.000251325, 0.0689389, 0.0201305)

[node name="Physical Bone Left arm" parent="untitled/Armature (Mecha g)/Skeleton3D" index="7"]
transform = Transform3D(-0.64947, 0.709221, -0.272439, -0.0328182, 0.331419, 0.944024, 0.758888, 0.621312, -0.192402, 0.188668, 1.51736, 0.0531223)
joint_offset = Transform3D(1, 0, 0, 0, 1, 0, 0, 0, 1, -0.0279524, 0.00807984, 0.135911)
body_offset = Transform3D(0.980125, 0.190961, -0.0412772, -0.0376896, -0.0218297, -1.00026, -0.191661, 0.980775, -0.014118, 0.0314639, 0.135069, -0.0113631)

[node name="Physical Bone Left elbow" parent="untitled/Armature (Mecha g)/Skeleton3D" index="8"]
transform = Transform3D(-0.603725, 0.771538, -0.196028, 0.109442, 0.323626, 0.939981, 0.788858, 0.545427, -0.280483, 0.256699, 1.25485, 0.117734)
joint_offset = Transform3D(1, 0, 0, 0, 1, 0, 0, 0, 1, -0.0438698, 0.00392004, 0.0879331)
body_offset = Transform3D(0.974553, 0.190074, 0.113148, 0.111149, 0.0208246, -0.993911, -0.191443, 0.980272, -0.000849217, 0.0320589, 0.0921921, -0.0121666)

[node name="Physical Bone Left wrist" parent="untitled/Armature (Mecha g)/Skeleton3D" index="9"]
transform = Transform3D(-0.666866, 0.738117, 0.0985012, 0.36321, 0.206901, 0.907249, 0.65, 0.641199, -0.406169, 0.265517, 1.03721, 0.200625)
joint_offset = Transform3D(1, 0, 0, 0, 1, 0, 0, 0, 1, -0.0265653, 0.00991421, 0.108794)
body_offset = Transform3D(0.970773, 0.223281, 0.0818108, 0.060466, 0.101615, -0.991883, -0.230383, 0.968804, 0.0851605, 0.0146747, 0.10851, -0.0249901)

[node name="Physical Bone Right shoulder" parent="untitled/Armature (Mecha g)/Skeleton3D" index="10"]
transform = Transform3D(-0.0767482, -0.0993432, 0.99162, -0.0164395, 0.994403, 0.0984925, -0.996897, -0.00859981, -0.0778982, -0.130135, 1.58968, 0.0223831)
joint_offset = Transform3D(1, 0, 0, 0, 1, 0, 0, 0, 1, -0.00797336, 0.00207429, 0.114948)
body_offset = Transform3D(0.998006, 0.0334191, -0.0531436, -0.0544583, 0.0408018, -0.997214, -0.0313432, 0.997997, 0.0426501, 0.0139969, 0.114109, -0.00722259)

[node name="Physical Bone Right arm" parent="untitled/Armature (Mecha g)/Skeleton3D" index="11"]
transform = Transform3D(-0.245284, -0.962076, 0.111949, -0.108363, 0.138325, 1.00146, -0.983679, 0.225932, -0.137186, -0.24023, 1.41769, 0.0521082)
joint_offset = Transform3D(1, 0, 0, 0, 1, 0, 0, 0, 1, -0.0218553, -0.0173739, 0.174814)
body_offset = Transform3D(1.00601, 0.145006, 0.0705933, 0.0703632, 0.0145728, -1.01453, -0.150078, 0.987183, 0.00443371, 0.0121653, 0.179145, 0.0130961)

[node name="Physical Bone Right elbow" parent="untitled/Armature (Mecha g)/Skeleton3D" index="12"]
transform = Transform3D(-0.155113, -0.983489, 0.0902831, -0.209815, 0.121903, 0.970156, -0.967297, 0.131171, -0.225153, -0.268739, 1.14621, 0.100214)
joint_offset = Transform3D(1, 0, 0, 0, 1, 0, 0, 0, 1, 0.00104471, -0.0127499, 0.123541)
body_offset = Transform3D(0.981541, 0.145097, 0.138538, 0.13679, 0.0222208, -0.990379, -0.147008, 0.988822, 0.00186506, -0.0162906, 0.122493, 0.0125306)

[node name="Physical Bone Right wrist" parent="untitled/Armature (Mecha g)/Skeleton3D" index="13"]
transform = Transform3D(-0.260678, -0.958321, 0.129509, -0.201349, 0.185128, 0.961491, -0.946004, 0.224971, -0.240212, -0.293005, 0.958672, 0.185169)
joint_offset = Transform3D(1, 0, 0, 0, 1, 0, 0, 0, 1, 0.0674655, -0.0228923, 0.105657)
body_offset = Transform3D(0.942378, 0.3121, 0.13279, 0.1715, -0.0985549, -0.979799, -0.293139, 0.946649, -0.145947, -0.0704635, 0.0896961, 0.0568681)

[node name="Physical Bone Left leg" parent="untitled/Armature (Mecha g)/Skeleton3D" index="14"]
transform = Transform3D(0.901434, -0.0579175, -0.427658, 0.288956, -0.654772, 0.698508, -0.320281, -0.755451, -0.57283, 0.184439, 0.763556, 0.100934)
joint_offset = Transform3D(1, 0, 0, 0, 1, 0, 0, 0, 1, 0.00199956, -0.00811378, 0.207432)
body_offset = Transform3D(0.996448, 0.0358769, -0.0673413, -0.0663771, -0.0223442, -0.997003, -0.0366671, 1.0005, -0.0197016, 0.0122674, 0.206762, 0.0122779)

[node name="Physical Bone Left knee" parent="untitled/Armature (Mecha g)/Skeleton3D" index="15"]
transform = Transform3D(0.895283, -0.440845, 0.0236558, 0.202762, 0.460708, 0.865334, -0.391171, -0.770172, 0.502376, 0.267922, 0.459491, 0.123238)
joint_offset = Transform3D(1, 0, 0, 0, 1, 0, 0, 0, 1, -0.0279504, -0.00115953, 0.201774)
body_offset = Transform3D(0.981741, -0.160776, 0.0782512, 0.0735946, -0.0339035, -0.997604, 0.162567, 0.986287, -0.020196, 0.0114646, 0.203308, 0.00976247)

[node name="Physical Bone Left ankle" parent="untitled/Armature (Mecha g)/Skeleton3D" index="16"]
transform = Transform3D(0.887061, -0.290463, -0.354646, 0.0194218, -0.747834, 0.661997, -0.45752, -0.594061, -0.659815, 0.314454, 0.194751, 0.12017)
joint_offset = Transform3D(1, 0, 0, 0, 1, 0, 0, 0, 1, -2.80568e-05, -0.0107647, 0.132594)
body_offset = Transform3D(0.974777, -0.166698, -0.13688, -0.131754, 0.0413215, -0.9901, 0.170381, 0.983381, 0.0183175, 0.0163823, 0.131722, 0.00816181)

[node name="Physical Bone Left toe" parent="untitled/Armature (Mecha g)/Skeleton3D" index="17"]
transform = Transform3D(-0.884808, -0.0260316, -0.456959, -0.0204333, 1.00135, -0.0165934, 0.456908, -0.0054589, -0.887858, 0.380554, 0.0997235, 0.244916)
joint_offset = Transform3D(1, 0, 0, 0, 1, 0, 0, 0, 1, 0.0379988, -0.00693125, 0.0271884)
body_offset = Transform3D(0.972431, -0.0306683, 0.212907, 0.21224, -0.0354257, -0.975332, 0.0373966, 1.00061, -0.027879, -0.0429524, 0.0182073, 0.00627244)

[node name="Physical Bone Right leg" parent="untitled/Armature (Mecha g)/Skeleton3D" index="18"]
transform = Transform3D(0.952389, 0.0846604, 0.177039, -0.0806876, -0.622835, 0.77592, 0.1741, -0.776913, -0.603832, -0.13409, 0.755429, 0.110931)
joint_offset = Transform3D(1, 0, 0, 0, 1, 0, 0, 0, 1, -0.000108006, -0.000275996, 0.20457)
body_offset = Transform3D(0.971165, 0.0224567, -0.0035127, -0.0074195, 0.1195, -0.991715, -0.0255045, 0.991917, 0.120405, 0.000829682, 0.202907, -0.0243602)

[node name="Physical Bone Right knee" parent="untitled/Armature (Mecha g)/Skeleton3D" index="19"]
transform = Transform3D(0.980219, 0.12588, -0.147881, 0.0415609, 0.606367, 0.792042, 0.189856, -0.782732, 0.59067, -0.141271, 0.441657, 0.118491)
joint_offset = Transform3D(1, 0, 0, 0, 1, 0, 0, 0, 1, -0.00672937, 0.0151871, 0.149839)
body_offset = Transform3D(0.997109, -0.0657936, 0.00639428, 0.0121003, 0.088697, -0.995078, 0.0650376, 0.991968, 0.0887106, 0.00675102, 0.147836, -0.0279198)

[node name="Physical Bone Right ankle" parent="untitled/Armature (Mecha g)/Skeleton3D" index="20"]
transform = Transform3D(0.984035, 0.120704, 0.128705, 0.00369643, -0.742416, 0.668811, 0.176668, -0.658263, -0.73098, -0.130968, 0.190019, 0.108396)
joint_offset = Transform3D(1, 0, 0, 0, 1, 0, 0, 0, 1, -0.000762808, 0.0484887, 0.190393)
body_offset = Transform3D(0.994677, -0.0737667, -0.0689859, -0.065146, 0.0535918, -0.995529, 0.0769612, 0.995363, 0.0486659, 0.01747, 0.186893, -0.0574708)

[node name="Physical Bone Right toe" parent="untitled/Armature (Mecha g)/Skeleton3D" index="21"]
transform = Transform3D(-0.981947, 0.00280051, 0.176132, -0.0035494, 1.00291, -0.035785, -0.176138, -0.0359837, -0.982143, -0.15522, 0.0944725, 0.246906)
joint_offset = Transform3D(1, 0, 0, 0, 1, 0, 0, 0, 1, 0.019854, -0.0131971, 0.111772)
body_offset = Transform3D(0.992523, -0.00489292, 0.100902, 0.100278, -0.0507014, -0.992094, 0.00994643, 1.00227, -0.0497488, -0.0310481, 0.108228, 0.0185901)

[node name="Physical Bone Spine001" parent="untitled/Armature (Mecha g)/Skeleton3D" index="22"]
transform = Transform3D(0.980766, 0.181881, -0.0700627, -0.109697, 0.811098, 0.573859, 0.161318, -0.555346, 0.815153, 0.0333008, 0.754065, -0.345204)
joint_offset = Transform3D(1, 0, 0, 0, 1, 0, 0, 0, 1, -5.94133e-05, 0.000707479, 0.169166)
body_offset = Transform3D(0.999979, -2.97427e-05, -4.42863e-05, 0.000123158, -9.48012e-05, -0.999349, -0.000150189, 0.999685, -7.40588e-05, 6.69248e-05, 0.169056, -0.000694737)

[node name="Physical Bone Spine002" parent="untitled/Armature (Mecha g)/Skeleton3D" index="23"]
transform = Transform3D(0.987118, 0.153332, -0.0292508, -0.151936, 0.988358, 0.0371987, 0.0346573, -0.0322235, 0.998447, 0.0535671, 0.646182, -0.774715)
joint_offset = Transform3D(1, 0, 0, 0, 1, 0, 0, 0, 1, 3.54215e-05, 0.000755051, 0.292036)
body_offset = Transform3D(0.999344, -7.60299e-05, 8.67844e-05, 9.13441e-06, -2.99998e-05, -0.999568, 0.000148419, 1.0007, 7.70763e-05, -6.0685e-05, 0.29191, -0.000778094)

[node name="Physical Bone Spine003" parent="untitled/Armature (Mecha g)/Skeleton3D" index="24"]
transform = Transform3D(0.988457, 0.150499, -0.0194766, -0.15157, 0.98476, -0.0776338, 0.00772589, 0.0802448, 0.988825, 0.0726032, 0.688041, -1.62124)
joint_offset = Transform3D(1, 0, 0, 0, 1, 0, 0, 0, 1, -8.28928e-05, -0.000101976, 0.186694)
body_offset = Transform3D(1.00004, 4.2947e-05, -9.61497e-05, -0.00025285, -2.25753e-06, -0.992059, 7.88709e-05, 0.999421, -3.60757e-05, 0.000100851, 0.185211, 0.000108659)

[node name="BoneAttachment3D" parent="untitled/Armature (Mecha g)/Skeleton3D" index="25"]
transform = Transform3D(-0.526006, -0.0773074, -0.84696, -0.00351679, -0.995654, 0.0930638, -0.850473, 0.0519308, 0.523449, -0.294848, 0.786429, 0.104169)

[node name="shape_upper_pickup" parent="untitled/upper_pickup_box" index="0"]
shape = SubResource("BoxShape3D_hlt1d")

[editable path="untitled"]
