[gd_scene load_steps=8 format=3 uid="uid://bqv7os70gkkry"]

[ext_resource type="Script" path="res://untitled.gd" id="1_h66ra"]
[ext_resource type="Script" path="res://SpringArm3D.gd" id="1_n7c4b"]
[ext_resource type="PackedScene" uid="uid://b7hj3bqunfp28" path="res://animations/fox_body_5.tscn" id="2_bv0bc"]
[ext_resource type="AudioStream" uid="uid://ca2ks3wwtq2pq" path="res://sounds/walking.wav" id="4_5o27d"]
[ext_resource type="Script" path="res://animations/AudioStreamPlayer.gd" id="5_wr332"]

[sub_resource type="CapsuleShape3D" id="CapsuleShape3D_eoyi7"]
radius = 0.422758
height = 2.00779

[sub_resource type="BoxShape3D" id="BoxShape3D_hlt1d"]
size = Vector3(1.20925, 0.463727, 1.5444)

[node name="untitled" type="CharacterBody3D"]
collision_layer = 2
collision_mask = 2
script = ExtResource("1_h66ra")

[node name="CollisionShape3D" type="CollisionShape3D" parent="."]
transform = Transform3D(1, 0, 0, 0, 1, 0, 0, 0, 1, -0.0138035, 0.0755358, -0.0354961)
shape = SubResource("CapsuleShape3D_eoyi7")

[node name="SpringArm3D" type="SpringArm3D" parent="."]
collision_mask = 4
spring_length = 3.0
margin = 0.02
script = ExtResource("1_n7c4b")

[node name="Camera3D" type="Camera3D" parent="SpringArm3D"]
current = true

[node name="untitled" parent="." instance=ExtResource("2_bv0bc")]
transform = Transform3D(-1, 0, -8.74228e-08, 0, 1, 0, 8.74228e-08, 0, -1, 0, -0.801083, 0)

[node name="Armature (Mecha g)" parent="untitled" index="0"]
transform = Transform3D(0.722596, 0.0533373, -0.689211, 0.000318226, 0.996993, 0.0774901, 0.691272, -0.0562132, 0.720407, -0.057802, -0.136614, 0.054918)

[node name="Skeleton3D" parent="untitled/Armature (Mecha g)" index="0"]
bones/1/rotation = Quaternion(0.770501, 0.0618054, 0.0408128, 0.633121)
bones/2/rotation = Quaternion(0.139771, 0.134421, -0.030615, 0.98054)
bones/3/rotation = Quaternion(0.103764, -0.00363595, 0.001036, 0.994595)
bones/4/rotation = Quaternion(-0.114466, -0.00362104, 0.001088, 0.99342)
bones/5/rotation = Quaternion(6.51926e-09, -1.16415e-10, 2.79397e-09, 1)
bones/6/rotation = Quaternion(-0.458609, -0.543131, -0.40553, 0.574658)
bones/7/rotation = Quaternion(-0.682167, -0.058858, -0.0495949, 0.727135)
bones/8/rotation = Quaternion(-0.00145806, 0.012843, -0.405178, 0.914146)
bones/9/rotation = Quaternion(0.159962, 0.109969, -0.033637, 0.980402)
bones/11/rotation = Quaternion(-0.43689, 0.574694, 0.451607, 0.524314)
bones/12/rotation = Quaternion(-0.642887, -0.0043171, -0.174889, 0.745716)
bones/13/rotation = Quaternion(-0.057055, 0.075006, 0.357782, 0.929038)
bones/14/rotation = Quaternion(-0.117622, -0.034061, 0.088237, 0.988544)
bones/16/rotation = Quaternion(-0.940238, -0.128087, -0.0276796, 0.314292)
bones/17/rotation = Quaternion(0.701828, 0.128945, 0.050625, 0.698747)
bones/18/rotation = Quaternion(-0.638811, -0.016423, 0.034656, 0.768407)
bones/19/rotation = Quaternion(0.0229739, -0.918688, 0.393928, 0.0174663)
bones/21/rotation = Quaternion(-0.813427, 0.210672, 0.0965717, 0.533505)
bones/22/rotation = Quaternion(0.695843, 0.035297, -0.0595529, 0.71485)
bones/23/rotation = Quaternion(-0.762435, 0.0369319, -0.13704, 0.631308)
bones/24/rotation = Quaternion(0.00175608, -0.920957, 0.389641, 0.00395571)

[node name="Physical Bone Hips" parent="untitled/Armature (Mecha g)/Skeleton3D" index="1"]
transform = Transform3D(-0.998763, -0.000353485, -1.01626e-05, -2.6457e-05, -0.0362024, -0.980348, -0.00115186, -0.998422, 0.035159, 6.19758e-05, 0.980484, -0.0147831)
joint_offset = Transform3D(1, 0, 0, 0, 1, 0, 0, 0, 1, 6.13548e-05, -1.09563e-05, 0.0674711)
body_offset = Transform3D(-0.998763, -0.000353485, -1.01589e-05, 0.00115186, 0.998422, -0.035159, -2.64533e-05, -0.0362024, -0.980348, 6.19604e-05, 0.00238309, 0.0661448)

[node name="Physical Bone Spine" parent="untitled/Armature (Mecha g)/Skeleton3D" index="2"]
transform = Transform3D(0.99854, -0.00240114, 0.0277647, 0.0276391, -0.0528151, -0.997882, 0.00413668, 0.998818, -0.0527136, -0.00583089, 1.2588, -0.00616475)
joint_offset = Transform3D(1, 0, 0, 0, 1, 0, 0, 0, 1, -6.89374e-05, 0.000167985, 0.212505)
body_offset = Transform3D(0.986553, -0.148311, 0.0505403, 0.0713939, 0.138551, -0.987451, 0.139573, 0.979409, 0.147326, -0.0106471, 0.20982, -0.0314625)

[node name="Physical Bone Chest" parent="untitled/Armature (Mecha g)/Skeleton3D" index="3"]
transform = Transform3D(0.986954, -0.00743312, 0.150153, 0.149534, -0.0491866, -0.987127, 0.014764, 0.999668, -0.0477011, -0.0261561, 1.568, 0.00933635)
joint_offset = Transform3D(1, 0, 0, 0, 1, 0, 0, 0, 1, 0.0282409, 0.0583742, 0.113054)
body_offset = Transform3D(0.89652, -0.417227, 0.140446, 0.312521, 0.381493, -0.869713, 0.308609, 0.825951, 0.472352, -0.0168412, 0.0672296, -0.110331)

[node name="Physical Bone Neck" parent="untitled/Armature (Mecha g)/Skeleton3D" index="4"]
transform = Transform3D(0.984008, 0.0361532, 0.171418, 0.174934, -0.244402, -0.954611, 0.00738615, 0.96908, -0.247061, -0.0557526, 1.74184, 0.0358963)
joint_offset = Transform3D(1, 0, 0, 0, 1, 0, 0, 0, 1, 0.0872612, 0.137146, 0.0994827)
body_offset = Transform3D(0.899835, -0.36108, 0.243119, 0.381553, 0.38688, -0.840143, 0.208907, 0.848587, 0.486579, -0.0531859, -0.00277442, -0.183016)

[node name="Physical Bone Head" parent="untitled/Armature (Mecha g)/Skeleton3D" index="5"]
transform = Transform3D(0.973366, 0.00373659, 0.199373, 0.198196, -0.0130315, -0.976955, -2.04146e-05, 0.998062, -0.0137088, -0.0889965, 1.91441, 0.0593187)
joint_offset = Transform3D(1, 0, 0, 0, 1, 0, 0, 0, 1, 0.152286, 0.192436, 0.180159)
body_offset = Transform3D(0.895846, -0.392519, 0.176836, 0.338906, 0.398255, -0.848822, 0.263297, 0.826821, 0.492553, -0.0927487, 0.0246731, -0.287945)

[node name="Physical Bone Left shoulder" parent="untitled/Armature (Mecha g)/Skeleton3D" index="6"]
transform = Transform3D(-0.0265374, -0.392231, -0.918975, -0.0187389, 0.921351, -0.391827, 0.999226, 0.00687638, -0.031756, 0.0585475, 1.64039, 0.0182528)
joint_offset = Transform3D(1, 0, 0, 0, 1, 0, 0, 0, 1, 0.105722, -0.0515691, 0.0284348)
body_offset = Transform3D(0.779205, -0.566393, -0.268908, -0.386689, -0.0961555, -0.916648, 0.492766, 0.820203, -0.294104, -0.103941, 0.0619876, -0.00143629)

[node name="Physical Bone Left arm" parent="untitled/Armature (Mecha g)/Skeleton3D" index="7"]
transform = Transform3D(-0.649475, 0.709221, -0.272439, -0.0328173, 0.331419, 0.944024, 0.758893, 0.621312, -0.192402, 0.188668, 1.51736, 0.0531222)
joint_offset = Transform3D(1, 0, 0, 0, 1, 0, 0, 0, 1, -0.0179987, 0.0581701, 0.0994199)
body_offset = Transform3D(0.367679, 0.744043, -0.557774, -0.399948, -0.413861, -0.818559, -0.838848, 0.523432, 0.145854, 0.0187905, 0.0982568, -0.0600471)

[node name="Physical Bone Left elbow" parent="untitled/Armature (Mecha g)/Skeleton3D" index="8"]
transform = Transform3D(-0.603724, 0.771538, -0.196026, 0.109442, 0.323621, 0.939973, 0.788858, 0.545422, -0.280481, 0.256699, 1.25484, 0.117734)
joint_offset = Transform3D(1, 0, 0, 0, 1, 0, 0, 0, 1, -0.158408, -0.065586, 0.124605)
body_offset = Transform3D(0.659864, 0.73278, 0.160017, -0.0709995, 0.272793, -0.959664, -0.747192, 0.621372, 0.232559, 0.132649, 0.126223, -0.106586)

[node name="Physical Bone Left wrist" parent="untitled/Armature (Mecha g)/Skeleton3D" index="9"]
transform = Transform3D(-0.666866, 0.738116, 0.0985013, 0.36321, 0.206901, 0.907248, 0.650001, 0.641201, -0.40617, 0.265517, 1.03721, 0.200625)
joint_offset = Transform3D(1, 0, 0, 0, 1, 0, 0, 0, 1, -0.161833, -0.0213602, 0.192744)
body_offset = Transform3D(0.792681, 0.608279, -0.0191923, -0.479269, 0.604331, -0.635306, -0.37562, 0.513364, 0.770581, 0.144974, 0.0577982, -0.198347)

[node name="Physical Bone Right shoulder" parent="untitled/Armature (Mecha g)/Skeleton3D" index="10"]
transform = Transform3D(-0.0767495, -0.099342, 0.99162, -0.0164396, 0.994361, 0.0984925, -0.996897, -0.00860021, -0.0778981, -0.130134, 1.58967, 0.0223832)
joint_offset = Transform3D(1, 0, 0, 0, 1, 0, 0, 0, 1, -0.117804, -0.027787, 0.158131)
body_offset = Transform3D(0.812181, 0.481112, -0.329176, -0.47565, 0.219714, -0.851283, -0.337761, 0.847911, 0.40748, 0.1611, 0.0846866, -0.080664)

[node name="Physical Bone Right arm" parent="untitled/Armature (Mecha g)/Skeleton3D" index="11"]
transform = Transform3D(-0.245264, -0.962064, 0.111943, -0.108355, 0.138321, 1.00141, -0.983655, 0.225932, -0.137186, -0.24023, 1.41769, 0.0521081)
joint_offset = Transform3D(1, 0, 0, 0, 1, 0, 0, 0, 1, -0.214835, -0.0554151, 0.172365)
body_offset = Transform3D(0.76201, 0.010715, 0.674774, 0.637902, 0.322425, -0.722372, -0.227801, 0.944283, 0.238812, 0.0479929, 0.279423, -0.0377749)

[node name="Physical Bone Right elbow" parent="untitled/Armature (Mecha g)/Skeleton3D" index="12"]
transform = Transform3D(-0.155113, -0.983487, 0.0902432, -0.209815, 0.121902, 0.969924, -0.967297, 0.131171, -0.225149, -0.268739, 1.14622, 0.100215)
joint_offset = Transform3D(1, 0, 0, 0, 1, 0, 0, 0, 1, -0.0252783, 0.0501986, 0.215138)
body_offset = Transform3D(0.988396, 0.147428, 0.0709401, 0.0430693, 0.183192, -0.981921, -0.158, 0.971606, 0.17432, 0.00232235, 0.203141, -0.0902702)

[node name="Physical Bone Right wrist" parent="untitled/Armature (Mecha g)/Skeleton3D" index="13"]
transform = Transform3D(-0.26068, -0.958321, 0.129508, -0.201349, 0.185128, 0.96148, -0.946014, 0.224972, -0.240213, -0.293005, 0.958672, 0.185171)
joint_offset = Transform3D(1, 0, 0, 0, 1, 0, 0, 0, 1, 0.0305645, 0.0844569, 0.194414)
body_offset = Transform3D(0.9901, 0.113694, -0.10063, -0.0877692, -0.113687, -0.989101, -0.124245, 0.988642, -0.102323, -0.0203004, 0.204579, -0.0598071)

[node name="Physical Bone Left leg" parent="untitled/Armature (Mecha g)/Skeleton3D" index="14"]
transform = Transform3D(0.901434, -0.0579183, -0.427658, 0.288956, -0.654772, 0.698508, -0.320281, -0.755451, -0.57283, 0.184439, 0.763556, 0.100934)
joint_offset = Transform3D(1, 0, 0, 0, 1, 0, 0, 0, 1, 0.00199958, -0.00811391, 0.207432)
body_offset = Transform3D(0.980352, 0.0260889, -0.192365, -0.182419, -0.214035, -0.959193, -0.0655215, 0.977904, -0.204654, 0.0381541, 0.197596, 0.0505174)

[node name="Physical Bone Left knee" parent="untitled/Armature (Mecha g)/Skeleton3D" index="15"]
transform = Transform3D(0.895284, -0.440847, 0.0236582, 0.202764, 0.460743, 0.865335, -0.391171, -0.770173, 0.502381, 0.267922, 0.459495, 0.123235)
joint_offset = Transform3D(1, 0, 0, 0, 1, 0, 0, 0, 1, -0.084058, -0.0095672, 0.275053)
body_offset = Transform3D(0.888844, -0.442114, 0.1045, 0.15188, 0.0728067, -0.986407, 0.427259, 0.893886, 0.133534, 0.0417418, 0.284777, 0.00773758)

[node name="Physical Bone Left ankle" parent="untitled/Armature (Mecha g)/Skeleton3D" index="16"]
transform = Transform3D(0.887144, -0.290598, -0.355601, 0.0194046, -0.748387, 0.666291, -0.45755, -0.594645, -0.663224, 0.314454, 0.194751, 0.12017)
joint_offset = Transform3D(1, 0, 0, 0, 1, 0, 0, 0, 1, -0.0409728, -0.0720877, 0.180196)
body_offset = Transform3D(0.88077, -0.296873, -0.366226, -0.327981, 0.167795, -0.934674, 0.336787, 0.939066, 0.0502485, 0.0806791, 0.167082, 0.0724396)

[node name="Physical Bone Left toe" parent="untitled/Armature (Mecha g)/Skeleton3D" index="17"]
transform = Transform3D(-0.884834, -0.0260317, -0.456978, -0.0204321, 1.00135, -0.0165929, 0.456965, -0.00545888, -0.88791, 0.380554, 0.0997235, 0.244916)
joint_offset = Transform3D(1, 0, 0, 0, 1, 0, 0, 0, 1, 0.13579, 0.0560731, 0.059312)
body_offset = Transform3D(0.850814, 0.016686, 0.518179, 0.517928, -0.0381799, -0.852816, 0.00565248, 1.00084, -0.0410447, -0.147202, -0.0176064, -0.0544533)

[node name="Physical Bone Right leg" parent="untitled/Armature (Mecha g)/Skeleton3D" index="18"]
transform = Transform3D(0.952386, 0.084661, 0.17704, -0.0806846, -0.622834, 0.775912, 0.1741, -0.776912, -0.603829, -0.13409, 0.755428, 0.110931)
joint_offset = Transform3D(1, 0, 0, 0, 1, 0, 0, 0, 1, -0.000108379, -0.00027696, 0.204571)
body_offset = Transform3D(0.922626, 0.127208, -0.283028, -0.298266, 0.211809, -0.927287, -0.0604836, 0.968317, 0.240889, 0.0580345, 0.189723, -0.0490173)

[node name="Physical Bone Right knee" parent="untitled/Armature (Mecha g)/Skeleton3D" index="19"]
transform = Transform3D(0.980215, 0.125875, -0.147879, 0.0415613, 0.606369, 0.792047, 0.189858, -0.782732, 0.590673, -0.141271, 0.441657, 0.118491)
joint_offset = Transform3D(1, 0, 0, 0, 1, 0, 0, 0, 1, -0.128829, 0.0580016, 0.132935)
body_offset = Transform3D(0.926967, -0.336808, -0.159717, -0.010653, 0.404023, -0.913754, 0.373113, 0.848247, 0.371005, 0.160188, 0.0966631, -0.0504513)

[node name="Physical Bone Right ankle" parent="untitled/Armature (Mecha g)/Skeleton3D" index="20"]
transform = Transform3D(0.984057, 0.120704, 0.128704, 0.00370714, -0.742412, 0.668802, 0.176686, -0.658264, -0.73098, -0.130968, 0.190018, 0.108396)
joint_offset = Transform3D(1, 0, 0, 0, 1, 0, 0, 0, 1, -0.134213, 0.0517232, 0.355613)
body_offset = Transform3D(0.951273, -0.174016, -0.253795, -0.233444, 0.129898, -0.962743, 0.200462, 0.975655, 0.0831052, 0.226926, 0.304314, -0.0531127)

[node name="Physical Bone Right toe" parent="untitled/Armature (Mecha g)/Skeleton3D" index="21"]
transform = Transform3D(-0.981947, 0.0028005, 0.176132, -0.0035494, 1.00291, -0.0357849, -0.176138, -0.0359837, -0.982143, -0.15522, 0.0944725, 0.246906)
joint_offset = Transform3D(1, 0, 0, 0, 1, 0, 0, 0, 1, 0.20228, 0.0896737, 0.254998)
body_offset = Transform3D(0.947355, 0.0464186, 0.309685, 0.311908, -0.0699746, -0.945783, -0.0221199, 1.00004, -0.0806073, -0.274762, 0.184355, -0.0646486)

[node name="Physical Bone Spine001" parent="untitled/Armature (Mecha g)/Skeleton3D" index="22"]
transform = Transform3D(0.980765, 0.181881, -0.0700621, -0.109697, 0.811099, 0.573854, 0.161318, -0.555348, 0.815157, 0.0333003, 0.754065, -0.345204)
joint_offset = Transform3D(1, 0, 0, 0, 1, 0, 0, 0, 1, -5.91777e-05, 0.00070848, 0.169166)
body_offset = Transform3D(0.999979, -3.05176e-05, -4.24385e-05, 0.000123173, -9.3773e-05, -0.999349, -0.000150174, 0.999687, -8.06004e-05, 6.63772e-05, 0.169056, -0.000694633)

[node name="Physical Bone Spine002" parent="untitled/Armature (Mecha g)/Skeleton3D" index="23"]
transform = Transform3D(0.987119, 0.153335, -0.0292501, -0.151936, 0.988449, 0.0371995, 0.0346578, -0.0322134, 0.998448, 0.0535671, 0.646182, -0.774715)
joint_offset = Transform3D(1, 0, 0, 0, 1, 0, 0, 0, 1, 3.53304e-05, 0.000754643, 0.292036)
body_offset = Transform3D(0.999345, -8.57841e-05, 8.73506e-05, 8.61287e-06, -4.34071e-05, -0.999569, 0.000148362, 1.00079, 7.79871e-05, -6.0752e-05, 0.29191, -0.000778019)

[node name="Physical Bone Spine003" parent="untitled/Armature (Mecha g)/Skeleton3D" index="24"]
transform = Transform3D(0.988454, 0.150499, -0.0194737, -0.151595, 0.984736, -0.0776333, 0.00772065, 0.0802451, 0.988815, 0.0726033, 0.688041, -1.62124)
joint_offset = Transform3D(1, 0, 0, 0, 1, 0, 0, 0, 1, -8.34595e-05, -0.000102001, 0.186695)
body_offset = Transform3D(1.00004, 4.6663e-05, -9.34303e-05, -0.000249714, -4.41074e-06, -0.992049, 5.28917e-05, 0.999397, -3.59714e-05, 0.000100911, 0.185211, 0.000108659)

[node name="BoneAttachment3D" parent="untitled/Armature (Mecha g)/Skeleton3D" index="25"]
transform = Transform3D(-0.379107, 0.00336314, -0.925347, -0.274388, -0.955428, 0.108942, -0.883736, 0.295204, 0.363133, -0.355866, 0.909412, 0.204461)

[node name="shape_upper_pickup" parent="untitled/upper_pickup_box" index="0"]
shape = SubResource("BoxShape3D_hlt1d")

[node name="AudioStreamPlayer" type="AudioStreamPlayer" parent="."]
stream = ExtResource("4_5o27d")
script = ExtResource("5_wr332")

[editable path="untitled"]
