[gd_scene load_steps=8 format=3 uid="uid://bqv7os70gkkry"]

[ext_resource type="Script" path="res://untitled.gd" id="1_h66ra"]
[ext_resource type="Script" path="res://SpringArm3D.gd" id="1_n7c4b"]
[ext_resource type="PackedScene" uid="uid://b7hj3bqunfp28" path="res://animations/fox_body_5.tscn" id="2_bv0bc"]
[ext_resource type="AudioStream" uid="uid://ca2ks3wwtq2pq" path="res://sounds/walking.wav" id="4_5o27d"]
[ext_resource type="Script" path="res://animations/AudioStreamPlayer.gd" id="5_wr332"]

[sub_resource type="CapsuleShape3D" id="CapsuleShape3D_eoyi7"]
radius = 0.422758
height = 2.00779

[sub_resource type="BoxShape3D" id="BoxShape3D_hlt1d"]
size = Vector3(1.20925, 0.463727, 1.5444)

[node name="untitled" type="CharacterBody3D"]
collision_layer = 2
collision_mask = 2
script = ExtResource("1_h66ra")

[node name="CollisionShape3D" type="CollisionShape3D" parent="."]
transform = Transform3D(1, 0, 0, 0, 1, 0, 0, 0, 1, -0.0138035, 0.0755358, -0.0354961)
shape = SubResource("CapsuleShape3D_eoyi7")

[node name="SpringArm3D" type="SpringArm3D" parent="."]
collision_mask = 4
spring_length = 3.0
margin = 0.02
script = ExtResource("1_n7c4b")

[node name="Camera3D" type="Camera3D" parent="SpringArm3D"]
current = true

[node name="untitled" parent="." instance=ExtResource("2_bv0bc")]
transform = Transform3D(-1, 0, -8.74228e-08, 0, 1, 0, 8.74228e-08, 0, -1, 0, -0.801083, 0)

[node name="Physical Bone Hips" parent="untitled/Armature (Mecha g)/Skeleton3D" index="1"]
transform = Transform3D(-0.998766, -0.000353321, -9.88902e-06, -2.64857e-05, -0.0362027, -0.980352, -0.00115226, -0.998422, 0.0351591, 6.19702e-05, 0.980484, -0.0147831)
joint_offset = Transform3D(1, 0, 0, 0, 1, 0, 0, 0, 1, 6.1375e-05, -1.09649e-05, 0.0674708)
body_offset = Transform3D(-0.998766, -0.000353329, -9.89088e-06, 0.00115225, 0.998422, -0.0351591, -2.64838e-05, -0.0362027, -0.980352, 6.19628e-05, 0.00238309, 0.0661448)

[node name="Physical Bone Spine" parent="untitled/Armature (Mecha g)/Skeleton3D" index="2"]
transform = Transform3D(0.998534, -0.00240126, 0.0277653, 0.0276385, -0.0528151, -0.997873, 0.00413959, 0.998818, -0.0527133, -0.00583148, 1.25881, -0.00616389)
joint_offset = Transform3D(1, 0, 0, 0, 1, 0, 0, 0, 1, -6.86002e-05, 0.000167313, 0.21251)
body_offset = Transform3D(0.998407, -0.0197978, 0.0251027, 0.0252911, 0.00644085, -0.999311, 0.0198806, 1, 0.00691841, -0.00526277, 0.212364, -0.00163618)

[node name="Physical Bone Chest" parent="untitled/Armature (Mecha g)/Skeleton3D" index="3"]
transform = Transform3D(0.986954, -0.0074333, 0.150153, 0.149534, -0.0491864, -0.987127, 0.0147638, 0.999668, -0.0477011, -0.0261563, 1.568, 0.00933634)
joint_offset = Transform3D(1, 0, 0, 0, 1, 0, 0, 0, 1, 0.00939417, 0.00318194, 0.105496)
body_offset = Transform3D(0.99291, -0.0563292, 0.087315, 0.0886102, 0.0211256, -0.995468, 0.0541744, 0.999095, 0.0257234, -0.0183597, 0.104118, -0.00640169)

[node name="Physical Bone Neck" parent="untitled/Armature (Mecha g)/Skeleton3D" index="4"]
transform = Transform3D(0.984008, 0.0361551, 0.171417, 0.174934, -0.244391, -0.954611, 0.00738631, 0.969075, -0.247061, -0.0557527, 1.74184, 0.0358964)
joint_offset = Transform3D(1, 0, 0, 0, 1, 0, 0, 0, 1, 0.0271071, 0.00790721, 0.091962)
body_offset = Transform3D(0.994423, -0.0313824, 0.0952165, 0.0959996, 0.0240787, -0.995945, 0.0288989, 0.999288, 0.0270638, -0.0354641, 0.0887964, -0.0111738)

[node name="Physical Bone Head" parent="untitled/Armature (Mecha g)/Skeleton3D" index="5"]
transform = Transform3D(0.973364, 0.003737, 0.199373, 0.198196, -0.0130314, -0.976955, -2.07797e-05, 0.998061, -0.0137088, -0.0889965, 1.91441, 0.0593186)
joint_offset = Transform3D(1, 0, 0, 0, 1, 0, 0, 0, 1, 0.0442664, 0.0110598, 0.0976869)
body_offset = Transform3D(0.988681, -0.0458756, 0.0847386, 0.0852548, 0.026281, -0.993129, 0.0442935, 0.996752, 0.0298788, -0.0515358, 0.0929511, -0.0159034)

[node name="Physical Bone Left shoulder" parent="untitled/Armature (Mecha g)/Skeleton3D" index="6"]
transform = Transform3D(-0.0265375, -0.39223, -0.918974, -0.0187389, 0.921348, -0.391826, 0.999225, 0.00687632, -0.0317561, 0.0585474, 1.64039, 0.0182531)
joint_offset = Transform3D(1, 0, 0, 0, 1, 0, 0, 0, 1, 0.00486034, -0.00915194, 0.071092)
body_offset = Transform3D(0.995556, -0.0481737, -0.0777999, -0.0844157, -0.154469, -0.983829, 0.0353509, 0.988227, -0.15836, 0.000251319, 0.0689389, 0.0201305)

[node name="Physical Bone Left arm" parent="untitled/Armature (Mecha g)/Skeleton3D" index="7"]
transform = Transform3D(-0.649474, 0.709221, -0.272439, -0.0328169, 0.331419, 0.944024, 0.758893, 0.621312, -0.192402, 0.188668, 1.51736, 0.0531223)
joint_offset = Transform3D(1, 0, 0, 0, 1, 0, 0, 0, 1, -0.0279522, 0.00807987, 0.135911)
body_offset = Transform3D(0.980131, 0.190961, -0.0412771, -0.0376912, -0.0218296, -1.00026, -0.191662, 0.980775, -0.0141177, 0.0314639, 0.135069, -0.0113631)

[node name="Physical Bone Left elbow" parent="untitled/Armature (Mecha g)/Skeleton3D" index="8"]
transform = Transform3D(-0.603725, 0.771538, -0.196026, 0.109442, 0.323621, 0.939972, 0.788858, 0.545422, -0.280481, 0.256699, 1.25485, 0.117734)
joint_offset = Transform3D(1, 0, 0, 0, 1, 0, 0, 0, 1, -0.0438696, 0.00392023, 0.0879339)
body_offset = Transform3D(0.974553, 0.190069, 0.113146, 0.111149, 0.0208274, -0.993902, -0.191443, 0.980269, -0.000849113, 0.0320588, 0.0921921, -0.0121667)

[node name="Physical Bone Left wrist" parent="untitled/Armature (Mecha g)/Skeleton3D" index="9"]
transform = Transform3D(-0.666866, 0.738116, 0.0985013, 0.36321, 0.2069, 0.907249, 0.65, 0.641201, -0.406169, 0.265517, 1.03721, 0.200625)
joint_offset = Transform3D(1, 0, 0, 0, 1, 0, 0, 0, 1, -0.0265653, 0.00991426, 0.108794)
body_offset = Transform3D(0.970773, 0.223282, 0.0818106, 0.060466, 0.101616, -0.991883, -0.230383, 0.968804, 0.0851605, 0.0146747, 0.10851, -0.0249901)

[node name="Physical Bone Right shoulder" parent="untitled/Armature (Mecha g)/Skeleton3D" index="10"]
transform = Transform3D(-0.0767496, -0.0993419, 0.99162, -0.0164395, 0.99436, 0.0984925, -0.996897, -0.00860015, -0.0778982, -0.130134, 1.58967, 0.022383)
joint_offset = Transform3D(1, 0, 0, 0, 1, 0, 0, 0, 1, -0.00797358, 0.00208749, 0.114949)
body_offset = Transform3D(0.998006, 0.0334188, -0.0531436, -0.0544569, 0.0408029, -0.997214, -0.0313431, 0.997955, 0.0426501, 0.0139967, 0.114109, -0.00723571)

[node name="Physical Bone Right arm" parent="untitled/Armature (Mecha g)/Skeleton3D" index="11"]
transform = Transform3D(-0.245263, -0.962064, 0.111943, -0.108355, 0.138321, 1.00141, -0.983654, 0.225932, -0.137186, -0.24023, 1.41769, 0.0521082)
joint_offset = Transform3D(1, 0, 0, 0, 1, 0, 0, 0, 1, -0.0218571, -0.0173741, 0.174823)
body_offset = Transform3D(1.00598, 0.145001, 0.0705962, 0.0703546, 0.0145743, -1.01448, -0.150087, 0.987171, 0.00443095, 0.0121653, 0.179145, 0.0130961)

[node name="Physical Bone Right elbow" parent="untitled/Armature (Mecha g)/Skeleton3D" index="12"]
transform = Transform3D(-0.155113, -0.983487, 0.0902505, -0.209815, 0.121902, 0.969908, -0.967297, 0.131171, -0.225143, -0.268739, 1.14621, 0.100214)
joint_offset = Transform3D(1, 0, 0, 0, 1, 0, 0, 0, 1, 0.00103906, -0.0127505, 0.123572)
body_offset = Transform3D(0.981541, 0.145097, 0.13855, 0.13679, 0.0222216, -0.99013, -0.147008, 0.988821, 0.001861, -0.0162907, 0.122493, 0.0125307)

[node name="Physical Bone Right wrist" parent="untitled/Armature (Mecha g)/Skeleton3D" index="13"]
transform = Transform3D(-0.260678, -0.958321, 0.129508, -0.20135, 0.185128, 0.96148, -0.946005, 0.224972, -0.240213, -0.293005, 0.958672, 0.185171)
joint_offset = Transform3D(1, 0, 0, 0, 1, 0, 0, 0, 1, 0.0674671, -0.0228922, 0.105659)
body_offset = Transform3D(0.942378, 0.3121, 0.132792, 0.1715, -0.0985549, -0.979787, -0.293139, 0.946649, -0.145948, -0.0704655, 0.0896962, 0.0568688)

[node name="Physical Bone Left leg" parent="untitled/Armature (Mecha g)/Skeleton3D" index="14"]
transform = Transform3D(0.901434, -0.0579183, -0.427658, 0.288956, -0.654772, 0.698508, -0.320281, -0.755451, -0.572829, 0.184439, 0.763556, 0.100934)
joint_offset = Transform3D(1, 0, 0, 0, 1, 0, 0, 0, 1, 0.00199966, -0.00811394, 0.207432)
body_offset = Transform3D(0.996448, 0.0358763, -0.0673413, -0.0663771, -0.0223448, -0.997003, -0.0366671, 1.0005, -0.0197018, 0.0122673, 0.206762, 0.0122781)

[node name="Physical Bone Left knee" parent="untitled/Armature (Mecha g)/Skeleton3D" index="15"]
transform = Transform3D(0.895283, -0.440843, 0.0236574, 0.202762, 0.460738, 0.865334, -0.391171, -0.770172, 0.50238, 0.267921, 0.459494, 0.123235)
joint_offset = Transform3D(1, 0, 0, 0, 1, 0, 0, 0, 1, -0.0279514, -0.00116239, 0.201772)
body_offset = Transform3D(0.981741, -0.160769, 0.0782517, 0.0735946, -0.033929, -0.997606, 0.162567, 0.9863, -0.0202002, 0.0114651, 0.203307, 0.00976628)

[node name="Physical Bone Left ankle" parent="untitled/Armature (Mecha g)/Skeleton3D" index="16"]
transform = Transform3D(0.887061, -0.290464, -0.354645, 0.0194219, -0.747831, 0.661997, -0.45752, -0.594067, -0.659816, 0.314454, 0.194751, 0.12017)
joint_offset = Transform3D(1, 0, 0, 0, 1, 0, 0, 0, 1, -2.81789e-05, -0.0107647, 0.132593)
body_offset = Transform3D(0.974777, -0.166697, -0.136879, -0.131754, 0.0413152, -0.9901, 0.170381, 0.983382, 0.0183176, 0.0163823, 0.131722, 0.00816181)

[node name="Physical Bone Left toe" parent="untitled/Armature (Mecha g)/Skeleton3D" index="17"]
transform = Transform3D(-0.884834, -0.0260317, -0.456962, -0.0204322, 1.00135, -0.0165933, 0.456965, -0.00545888, -0.887867, 0.380554, 0.0997235, 0.244916)
joint_offset = Transform3D(1, 0, 0, 0, 1, 0, 0, 0, 1, 0.037997, -0.00693131, 0.0271897)
body_offset = Transform3D(0.972471, -0.0306682, 0.212907, 0.212288, -0.0354257, -0.975341, 0.037401, 1.00061, -0.0278791, -0.0429524, 0.0182073, 0.00627244)

[node name="Physical Bone Right leg" parent="untitled/Armature (Mecha g)/Skeleton3D" index="18"]
transform = Transform3D(0.952389, 0.0846604, 0.177039, -0.0806875, -0.622835, 0.775912, 0.1741, -0.776913, -0.60383, -0.13409, 0.755428, 0.110931)
joint_offset = Transform3D(1, 0, 0, 0, 1, 0, 0, 0, 1, -0.000108142, -0.000277037, 0.204571)
body_offset = Transform3D(0.971165, 0.0224567, -0.00351188, -0.00741953, 0.1195, -0.991707, -0.0255046, 0.991917, 0.120408, 0.000829674, 0.202907, -0.02436)

[node name="Physical Bone Right knee" parent="untitled/Armature (Mecha g)/Skeleton3D" index="19"]
transform = Transform3D(0.980214, 0.125875, -0.147879, 0.0415611, 0.606368, 0.792045, 0.189858, -0.782732, 0.59067, -0.141271, 0.441657, 0.118491)
joint_offset = Transform3D(1, 0, 0, 0, 1, 0, 0, 0, 1, -0.00672957, 0.0151869, 0.149839)
body_offset = Transform3D(0.997104, -0.0657986, 0.00639574, 0.0120976, 0.0886954, -0.99508, 0.0650351, 0.991967, 0.0887126, 0.00675102, 0.147836, -0.0279198)

[node name="Physical Bone Right ankle" parent="untitled/Armature (Mecha g)/Skeleton3D" index="20"]
transform = Transform3D(0.984029, 0.120705, 0.128704, 0.00369696, -0.742411, 0.668801, 0.176669, -0.658264, -0.73098, -0.130968, 0.190019, 0.108397)
joint_offset = Transform3D(1, 0, 0, 0, 1, 0, 0, 0, 1, -0.00076268, 0.0484876, 0.190394)
body_offset = Transform3D(0.994672, -0.0737667, -0.0689866, -0.0651451, 0.053588, -0.995522, 0.0769595, 0.99536, 0.0486726, 0.01747, 0.186893, -0.0574709)

[node name="Physical Bone Right toe" parent="untitled/Armature (Mecha g)/Skeleton3D" index="21"]
transform = Transform3D(-0.981947, 0.00280051, 0.176132, -0.0035494, 1.00291, -0.035785, -0.176138, -0.0359837, -0.982142, -0.15522, 0.0944725, 0.246906)
joint_offset = Transform3D(1, 0, 0, 0, 1, 0, 0, 0, 1, 0.019854, -0.0131971, 0.111772)
body_offset = Transform3D(0.992523, -0.00489292, 0.100902, 0.100278, -0.0507014, -0.992094, 0.00994643, 1.00227, -0.0497488, -0.0310481, 0.108228, 0.0185901)

[node name="Physical Bone Spine001" parent="untitled/Armature (Mecha g)/Skeleton3D" index="22"]
transform = Transform3D(0.980766, 0.181881, -0.0700624, -0.109697, 0.8111, 0.573854, 0.161318, -0.555348, 0.815157, 0.0333004, 0.754065, -0.345204)
joint_offset = Transform3D(1, 0, 0, 0, 1, 0, 0, 0, 1, -5.92152e-05, 0.000708761, 0.169166)
body_offset = Transform3D(0.999979, -3.0607e-05, -4.2811e-05, 0.000123173, -9.39369e-05, -0.999349, -0.000150174, 0.999687, -8.07643e-05, 6.64778e-05, 0.169056, -0.000694886)

[node name="Physical Bone Spine002" parent="untitled/Armature (Mecha g)/Skeleton3D" index="23"]
transform = Transform3D(0.987118, 0.153332, -0.0292507, -0.151936, 0.988358, 0.0371986, 0.0346573, -0.0322235, 0.998447, 0.0535671, 0.646182, -0.774715)
joint_offset = Transform3D(1, 0, 0, 0, 1, 0, 0, 0, 1, 3.54128e-05, 0.000755064, 0.292036)
body_offset = Transform3D(0.999344, -7.60634e-05, 8.68142e-05, 9.08971e-06, -2.99886e-05, -0.999568, 0.000148419, 1.0007, 7.70316e-05, -6.0685e-05, 0.29191, -0.000778094)

[node name="Physical Bone Spine003" parent="untitled/Armature (Mecha g)/Skeleton3D" index="24"]
transform = Transform3D(0.988452, 0.150499, -0.0194737, -0.151592, 0.984736, -0.0776331, 0.00772026, 0.080245, 0.988813, 0.0726032, 0.688041, -1.62124)
joint_offset = Transform3D(1, 0, 0, 0, 1, 0, 0, 0, 1, -8.33917e-05, -0.00010202, 0.186696)
body_offset = Transform3D(1.00004, 4.67328e-05, -9.3475e-05, -0.000249051, -4.30644e-06, -0.992047, 5.59827e-05, 0.999397, -3.58671e-05, 0.000100851, 0.185211, 0.000108659)

[node name="shape_upper_pickup" parent="untitled/upper_pickup_box" index="0"]
shape = SubResource("BoxShape3D_hlt1d")

[node name="AudioStreamPlayer" type="AudioStreamPlayer" parent="."]
stream = ExtResource("4_5o27d")
script = ExtResource("5_wr332")

[editable path="untitled"]
