[gd_scene load_steps=9 format=3 uid="uid://bqv7os70gkkry"]

[ext_resource type="Script" path="res://untitled.gd" id="1_h66ra"]
[ext_resource type="Script" path="res://SpringArm3D.gd" id="1_n7c4b"]
[ext_resource type="PackedScene" uid="uid://b7hj3bqunfp28" path="res://animations/fox_body_5.tscn" id="2_bv0bc"]
[ext_resource type="AudioStream" uid="uid://b4u1ljfga0y8u" path="res://sounds/walking_forest.wav" id="4_7yk0k"]
[ext_resource type="Script" path="res://animations/AudioStreamPlayer.gd" id="5_wr332"]
[ext_resource type="Curve3D" uid="uid://crvnr6ycidjg8" path="res://steve/ensnarement_path.tres" id="6_2xyte"]

[sub_resource type="CapsuleShape3D" id="CapsuleShape3D_eoyi7"]
radius = 0.422758
height = 2.00779

[sub_resource type="BoxShape3D" id="BoxShape3D_hlt1d"]
size = Vector3(1.20925, 0.463727, 1.5444)

[node name="untitled" type="CharacterBody3D"]
collision_layer = 2
collision_mask = 2
script = ExtResource("1_h66ra")

[node name="CollisionShape3D" type="CollisionShape3D" parent="."]
transform = Transform3D(1, 0, 0, 0, 1, 0, 0, 0, 1, -0.0138035, 0.0755358, -0.0354961)
shape = SubResource("CapsuleShape3D_eoyi7")

[node name="SpringArm3D" type="SpringArm3D" parent="."]
collision_mask = 4
spring_length = 3.0
margin = 0.02
script = ExtResource("1_n7c4b")

[node name="Camera3D" type="Camera3D" parent="SpringArm3D"]
current = true

[node name="untitled" parent="." instance=ExtResource("2_bv0bc")]
transform = Transform3D(-1, 0, -8.74228e-08, 0, 1, 0, 8.74228e-08, 0, -1, 0, -0.801083, 0)

[node name="Armature (Mecha g)" parent="untitled" index="0"]
transform = Transform3D(0.722596, 0.0533373, -0.689211, 0.000318226, 0.996993, 0.0774901, 0.691272, -0.0562132, 0.720407, -0.057802, -0.136614, 0.054918)

[node name="Skeleton3D" parent="untitled/Armature (Mecha g)" index="0"]
bones/1/rotation = Quaternion(0.770501, 0.0618054, 0.0408128, 0.633121)
bones/2/rotation = Quaternion(0.139771, 0.134421, -0.030615, 0.98054)
bones/3/rotation = Quaternion(0.103764, -0.00363595, 0.001036, 0.994595)
bones/4/rotation = Quaternion(-0.114466, -0.00362104, 0.001088, 0.99342)
bones/5/rotation = Quaternion(6.51926e-09, -1.16415e-10, 2.79397e-09, 1)
bones/6/rotation = Quaternion(-0.458609, -0.543131, -0.40553, 0.574658)
bones/7/rotation = Quaternion(-0.682167, -0.058858, -0.0495949, 0.727135)
bones/8/rotation = Quaternion(-0.00145806, 0.012843, -0.405178, 0.914146)
bones/9/rotation = Quaternion(0.159962, 0.109969, -0.033637, 0.980402)
bones/11/rotation = Quaternion(-0.43689, 0.574694, 0.451607, 0.524314)
bones/12/rotation = Quaternion(-0.642887, -0.0043171, -0.174889, 0.745716)
bones/13/rotation = Quaternion(-0.057055, 0.075006, 0.357782, 0.929038)
bones/14/rotation = Quaternion(-0.117622, -0.034061, 0.088237, 0.988544)
bones/16/rotation = Quaternion(-0.940238, -0.128087, -0.0276796, 0.314292)
bones/17/rotation = Quaternion(0.701828, 0.128945, 0.050625, 0.698747)
bones/18/rotation = Quaternion(-0.638811, -0.016423, 0.034656, 0.768407)
bones/19/rotation = Quaternion(0.0229739, -0.918688, 0.393928, 0.0174663)
bones/21/rotation = Quaternion(-0.813427, 0.210672, 0.0965717, 0.533505)
bones/22/rotation = Quaternion(0.695843, 0.035297, -0.0595529, 0.71485)
bones/23/rotation = Quaternion(-0.762435, 0.0369319, -0.13704, 0.631308)
bones/24/rotation = Quaternion(0.00175608, -0.920957, 0.389641, 0.00395571)

[node name="Physical Bone Hips" parent="untitled/Armature (Mecha g)/Skeleton3D" index="1"]
transform = Transform3D(-0.998737, -0.0003528, -1.01589e-05, -2.73585e-05, -0.0362024, -0.980348, -0.00115493, -0.99842, 0.035159, -0.000142699, 0.968726, -0.0132499)
joint_offset = Transform3D(1, 0, 0, 0, 1, 0, 0, 0, 1, -0.000143841, 0.00110113, 0.055437)
body_offset = Transform3D(-0.998737, -0.0003528, -1.01589e-05, 0.00115493, 0.99842, -0.035159, -2.73548e-05, -0.0362024, -0.980348, -0.000142707, 0.000849887, 0.0543874)

[node name="Physical Bone Spine" parent="untitled/Armature (Mecha g)/Skeleton3D" index="2"]
transform = Transform3D(0.998538, -0.00240099, 0.0278802, 0.0276392, -0.0528123, -0.993406, 0.00413579, 0.998629, -0.0522532, -0.00583098, 1.25879, -0.00616425)
joint_offset = Transform3D(1, 0, 0, 0, 1, 0, 0, 0, 1, -0.000119994, 0.000119317, 0.213452)
body_offset = Transform3D(0.986551, -0.148283, 0.0505181, 0.0713937, 0.138517, -0.982969, 0.139572, 0.979224, 0.146917, -0.0106471, 0.209809, -0.0314599)

[node name="Physical Bone Chest" parent="untitled/Armature (Mecha g)/Skeleton3D" index="3"]
transform = Transform3D(0.986954, -0.00742996, 0.150152, 0.149534, -0.049186, -0.987119, 0.0147635, 0.999662, -0.0477013, -0.0261561, 1.568, 0.0093363)
joint_offset = Transform3D(1, 0, 0, 0, 1, 0, 0, 0, 1, 0.0282407, 0.0583746, 0.113055)
body_offset = Transform3D(0.89652, -0.417222, 0.140445, 0.312521, 0.381492, -0.869705, 0.308609, 0.825946, 0.472348, -0.0168412, 0.0672294, -0.110331)

[node name="Physical Bone Neck" parent="untitled/Armature (Mecha g)/Skeleton3D" index="4"]
transform = Transform3D(0.983999, 0.0361531, 0.171418, 0.174892, -0.244403, -0.954611, 0.00739127, 0.969079, -0.24706, -0.0557524, 1.74183, 0.0358969)
joint_offset = Transform3D(1, 0, 0, 0, 1, 0, 0, 0, 1, 0.087263, 0.137144, 0.0994758)
body_offset = Transform3D(0.899824, -0.36108, 0.243119, 0.381521, 0.386879, -0.840142, 0.208935, 0.848587, 0.486579, -0.053186, -0.00277686, -0.183013)

[node name="Physical Bone Head" parent="untitled/Armature (Mecha g)/Skeleton3D" index="5"]
transform = Transform3D(0.973366, 0.00373664, 0.199373, 0.198196, -0.0130314, -0.976954, -1.99676e-05, 0.99806, -0.0137091, -0.0889965, 1.91441, 0.0593185)
joint_offset = Transform3D(1, 0, 0, 0, 1, 0, 0, 0, 1, 0.152286, 0.192437, 0.180159)
body_offset = Transform3D(0.895846, -0.392518, 0.176836, 0.338906, 0.398255, -0.848822, 0.263297, 0.82682, 0.492553, -0.0927487, 0.024673, -0.287945)

[node name="Physical Bone Left shoulder" parent="untitled/Armature (Mecha g)/Skeleton3D" index="6"]
transform = Transform3D(-0.0265352, -0.39223, -0.918967, -0.0187412, 0.921348, -0.391826, 0.999207, 0.00687556, -0.0317548, 0.0585479, 1.64039, 0.0182541)
joint_offset = Transform3D(1, 0, 0, 0, 1, 0, 0, 0, 1, 0.105722, -0.0515635, 0.0284333)
body_offset = Transform3D(0.779193, -0.566392, -0.268903, -0.386681, -0.0961554, -0.916641, 0.492755, 0.8202, -0.294104, -0.103938, 0.0619859, -0.00144047)

[node name="Physical Bone Left arm" parent="untitled/Armature (Mecha g)/Skeleton3D" index="7"]
transform = Transform3D(-0.649474, 0.709221, -0.272439, -0.0328171, 0.331419, 0.944024, 0.758893, 0.621312, -0.192402, 0.188668, 1.51735, 0.0531224)
joint_offset = Transform3D(1, 0, 0, 0, 1, 0, 0, 0, 1, -0.0179989, 0.0581708, 0.0994224)
body_offset = Transform3D(0.367679, 0.744043, -0.557774, -0.399948, -0.413861, -0.818559, -0.838848, 0.523432, 0.145854, 0.0187915, 0.0982591, -0.060048)

[node name="Physical Bone Left elbow" parent="untitled/Armature (Mecha g)/Skeleton3D" index="8"]
transform = Transform3D(-0.603718, 0.771537, -0.196025, 0.109432, 0.323609, 0.939968, 0.788842, 0.545422, -0.28048, 0.256699, 1.25483, 0.117735)
joint_offset = Transform3D(1, 0, 0, 0, 1, 0, 0, 0, 1, -0.15841, -0.0655831, 0.124617)
body_offset = Transform3D(0.659846, 0.732774, 0.160016, -0.0709937, 0.272803, -0.95966, -0.747185, 0.621367, 0.232558, 0.132643, 0.126235, -0.106591)

[node name="Physical Bone Left wrist" parent="untitled/Armature (Mecha g)/Skeleton3D" index="9"]
transform = Transform3D(-0.666864, 0.738116, 0.0985017, 0.363209, 0.206901, 0.907248, 0.649998, 0.641201, -0.40617, 0.265517, 1.03721, 0.200625)
joint_offset = Transform3D(1, 0, 0, 0, 1, 0, 0, 0, 1, -0.161834, -0.0213602, 0.192744)
body_offset = Transform3D(0.792678, 0.608279, -0.019192, -0.479268, 0.604331, -0.635305, -0.375619, 0.513364, 0.770581, 0.144974, 0.0577982, -0.198347)

[node name="Physical Bone Right shoulder" parent="untitled/Armature (Mecha g)/Skeleton3D" index="10"]
transform = Transform3D(-0.0767488, -0.0993418, 0.99162, -0.016439, 0.994361, 0.0984922, -0.996897, -0.00860059, -0.0778977, -0.130136, 1.58967, 0.0223835)
joint_offset = Transform3D(1, 0, 0, 0, 1, 0, 0, 0, 1, -0.117803, -0.0277871, 0.158133)
body_offset = Transform3D(0.812181, 0.481112, -0.329176, -0.47565, 0.219714, -0.851283, -0.337761, 0.847911, 0.40748, 0.1611, 0.0846878, -0.0806644)

[node name="Physical Bone Right arm" parent="untitled/Armature (Mecha g)/Skeleton3D" index="11"]
transform = Transform3D(-0.245263, -0.962057, 0.111943, -0.108355, 0.138314, 1.00141, -0.983654, 0.225931, -0.137186, -0.24023, 1.41769, 0.0521079)
joint_offset = Transform3D(1, 0, 0, 0, 1, 0, 0, 0, 1, -0.214836, -0.0554156, 0.172365)
body_offset = Transform3D(0.76201, 0.0107107, 0.674774, 0.637902, 0.322428, -0.722372, -0.227801, 0.944275, 0.238812, 0.047993, 0.279423, -0.0377749)

[node name="Physical Bone Right elbow" parent="untitled/Armature (Mecha g)/Skeleton3D" index="12"]
transform = Transform3D(-0.155104, -0.983487, 0.0902427, -0.209808, 0.121902, 0.969917, -0.967273, 0.131171, -0.225148, -0.268739, 1.14621, 0.100216)
joint_offset = Transform3D(1, 0, 0, 0, 1, 0, 0, 0, 1, -0.0252793, 0.0501996, 0.215143)
body_offset = Transform3D(0.98837, 0.147428, 0.07094, 0.0430651, 0.183192, -0.981913, -0.158001, 0.971606, 0.174319, 0.0023222, 0.203144, -0.0902717)

[node name="Physical Bone Right wrist" parent="untitled/Armature (Mecha g)/Skeleton3D" index="13"]
transform = Transform3D(-0.260679, -0.958321, 0.129507, -0.201349, 0.185128, 0.96148, -0.946014, 0.224972, -0.240213, -0.293003, 0.958671, 0.18517)
joint_offset = Transform3D(1, 0, 0, 0, 1, 0, 0, 0, 1, 0.0305639, 0.0844593, 0.194415)
body_offset = Transform3D(0.9901, 0.113694, -0.10063, -0.0877692, -0.113687, -0.989101, -0.124245, 0.988642, -0.102323, -0.0202999, 0.20458, -0.0598095)

[node name="Physical Bone Left leg" parent="untitled/Armature (Mecha g)/Skeleton3D" index="14"]
transform = Transform3D(0.901432, -0.0579182, -0.427657, 0.288957, -0.654772, 0.698507, -0.320279, -0.755451, -0.572826, 0.184439, 0.763556, 0.100934)
joint_offset = Transform3D(1, 0, 0, 0, 1, 0, 0, 0, 1, 0.00199986, -0.00811369, 0.207433)
body_offset = Transform3D(0.980349, 0.026089, -0.192365, -0.182418, -0.214035, -0.95919, -0.0655233, 0.977904, -0.204655, 0.0381539, 0.197596, 0.0505177)

[node name="Physical Bone Left knee" parent="untitled/Armature (Mecha g)/Skeleton3D" index="15"]
transform = Transform3D(0.895283, -0.440846, 0.0236585, 0.202764, 0.460745, 0.865334, -0.391169, -0.770173, 0.502381, 0.267922, 0.45949, 0.123235)
joint_offset = Transform3D(1, 0, 0, 0, 1, 0, 0, 0, 1, -0.0840571, -0.00956478, 0.275057)
body_offset = Transform3D(0.888844, -0.442112, 0.1045, 0.151878, 0.0728058, -0.986407, 0.427257, 0.893887, 0.133534, 0.0417415, 0.284781, 0.00773439)

[node name="Physical Bone Left ankle" parent="untitled/Armature (Mecha g)/Skeleton3D" index="16"]
transform = Transform3D(0.887144, -0.290598, -0.355601, 0.0194048, -0.748387, 0.666291, -0.45755, -0.594645, -0.663224, 0.314454, 0.19475, 0.12017)
joint_offset = Transform3D(1, 0, 0, 0, 1, 0, 0, 0, 1, -0.0409727, -0.0720886, 0.180196)
body_offset = Transform3D(0.88077, -0.296873, -0.366226, -0.327981, 0.167795, -0.934674, 0.336787, 0.939066, 0.0502486, 0.0806788, 0.167082, 0.0724404)

[node name="Physical Bone Left toe" parent="untitled/Armature (Mecha g)/Skeleton3D" index="17"]
transform = Transform3D(-0.884772, -0.0260317, -0.456978, -0.0204325, 1.00135, -0.0165928, 0.456939, -0.00545891, -0.88791, 0.380553, 0.0997233, 0.244916)
joint_offset = Transform3D(1, 0, 0, 0, 1, 0, 0, 0, 1, 0.135799, 0.0560734, 0.0593122)
body_offset = Transform3D(0.850754, 0.016686, 0.518179, 0.517897, -0.0381799, -0.852816, 0.00565054, 1.00084, -0.0410447, -0.147202, -0.0176067, -0.0544534)

[node name="Physical Bone Right leg" parent="untitled/Armature (Mecha g)/Skeleton3D" index="18"]
transform = Transform3D(0.952323, 0.0846613, 0.17704, -0.0806435, -0.622835, 0.775912, 0.174099, -0.776912, -0.603829, -0.134089, 0.755426, 0.11093)
joint_offset = Transform3D(1, 0, 0, 0, 1, 0, 0, 0, 1, -0.000108636, -0.000278816, 0.204572)
body_offset = Transform3D(0.922554, 0.127208, -0.283028, -0.298272, 0.211809, -0.927287, -0.060504, 0.968317, 0.240889, 0.0580354, 0.189724, -0.0490158)

[node name="Physical Bone Right knee" parent="untitled/Armature (Mecha g)/Skeleton3D" index="19"]
transform = Transform3D(0.980215, 0.125875, -0.14788, 0.0415612, 0.606369, 0.792037, 0.189858, -0.782732, 0.590668, -0.14127, 0.441657, 0.118491)
joint_offset = Transform3D(1, 0, 0, 0, 1, 0, 0, 0, 1, -0.128829, 0.0580022, 0.132936)
body_offset = Transform3D(0.926967, -0.336808, -0.159715, -0.010653, 0.404023, -0.913746, 0.373113, 0.848247, 0.370998, 0.160188, 0.0966631, -0.0504513)

[node name="Physical Bone Right ankle" parent="untitled/Armature (Mecha g)/Skeleton3D" index="20"]
transform = Transform3D(0.984058, 0.120702, 0.128704, 0.00370751, -0.742413, 0.668802, 0.176686, -0.658264, -0.73098, -0.130962, 0.190013, 0.108399)
joint_offset = Transform3D(1, 0, 0, 0, 1, 0, 0, 0, 1, -0.134219, 0.0517199, 0.355617)
body_offset = Transform3D(0.951273, -0.174017, -0.253795, -0.233444, 0.1299, -0.962743, 0.200462, 0.975655, 0.0831051, 0.226933, 0.304317, -0.0531087)

[node name="Physical Bone Right toe" parent="untitled/Armature (Mecha g)/Skeleton3D" index="21"]
transform = Transform3D(-0.981947, 0.00280052, 0.176132, -0.00354945, 1.00291, -0.035785, -0.176138, -0.0359837, -0.982143, -0.15522, 0.0944725, 0.246906)
joint_offset = Transform3D(1, 0, 0, 0, 1, 0, 0, 0, 1, 0.202279, 0.0896741, 0.254998)
body_offset = Transform3D(0.947355, 0.0464185, 0.309685, 0.311908, -0.0699745, -0.945783, -0.0221199, 1.00004, -0.0806073, -0.274762, 0.184355, -0.0646486)

[node name="Physical Bone Spine001" parent="untitled/Armature (Mecha g)/Skeleton3D" index="22"]
transform = Transform3D(0.980766, 0.181881, -0.0700615, -0.109696, 0.811104, 0.573853, 0.161319, -0.555348, 0.815158, 0.0333004, 0.754058, -0.345204)
joint_offset = Transform3D(1, 0, 0, 0, 1, 0, 0, 0, 1, -6.01428e-05, 0.000714219, 0.16917)
body_offset = Transform3D(0.999979, -3.03984e-05, -4.17531e-05, 0.000121444, -9.66936e-05, -0.999349, -0.000150144, 0.999691, -8.1256e-05, 6.72266e-05, 0.16906, -0.000700261)

[node name="Physical Bone Spine002" parent="untitled/Armature (Mecha g)/Skeleton3D" index="23"]
transform = Transform3D(0.987122, 0.153363, -0.0292495, -0.151937, 0.988561, 0.0371997, 0.0346636, -0.0322059, 0.998451, 0.0535656, 0.646182, -0.774715)
joint_offset = Transform3D(1, 0, 0, 0, 1, 0, 0, 0, 1, 3.65623e-05, 0.000755079, 0.292035)
body_offset = Transform3D(0.999348, -7.52453e-05, 8.80063e-05, 2.92063e-06, -5.42309e-05, -0.999571, 0.000147654, 1.0009, 7.81361e-05, -6.21825e-05, 0.29191, -0.000778586)

[node name="Physical Bone Spine003" parent="untitled/Armature (Mecha g)/Skeleton3D" index="24"]
transform = Transform3D(0.988453, 0.150455, -0.019474, -0.151595, 0.984405, -0.0776329, 0.00772071, 0.0802304, 0.988804, 0.0726039, 0.688041, -1.62124)
joint_offset = Transform3D(1, 0, 0, 0, 1, 0, 0, 0, 1, -8.39342e-05, -0.000101714, 0.186696)
body_offset = Transform3D(1.00004, 5.31226e-05, -9.37581e-05, -0.000249803, -1.65775e-05, -0.992038, 5.27427e-05, 0.999063, -3.6411e-05, 0.000101447, 0.185209, 0.000108421)

[node name="BoneAttachment3D" parent="untitled/Armature (Mecha g)/Skeleton3D" index="25"]
transform = Transform3D(-0.379107, 0.00336314, -0.925347, -0.274388, -0.955428, 0.108942, -0.883736, 0.295204, 0.363133, -0.355866, 0.909412, 0.204461)

[node name="shape_upper_pickup" parent="untitled/upper_pickup_box" index="0"]
shape = SubResource("BoxShape3D_hlt1d")

[node name="AudioStreamPlayer" type="AudioStreamPlayer" parent="."]
stream = ExtResource("4_7yk0k")
script = ExtResource("5_wr332")

[node name="Path3D" type="Path3D" parent="."]
curve = ExtResource("6_2xyte")

[editable path="untitled"]
