[gd_scene load_steps=5 format=3 uid="uid://ck7qsmcr0ybh4"]

[ext_resource type="Script" path="res://untitled.gd" id="1_5nvuh"]
[ext_resource type="Script" path="res://SpringArm3D.gd" id="2_3s06r"]
[ext_resource type="PackedScene" uid="uid://8bhhb14gh4x0" path="res://fox_body_3.tscn" id="2_a8m7l"]

[sub_resource type="CapsuleShape3D" id="CapsuleShape3D_tgl2x"]
height = 2.30437

[node name="untitled" type="CharacterBody3D"]
transform = Transform3D(1, 0, 0, 0, 1, 0, 0, 0, 1, -0.00951624, 0.00231206, 0.0213754)
collision_layer = 2
collision_mask = 2
script = ExtResource("1_5nvuh")

[node name="CollisionShape3D" type="CollisionShape3D" parent="."]
transform = Transform3D(1, 0, 0, 0, 1, 0, 0, 0, 1, -0.0138035, 0.794687, -0.0354961)
shape = SubResource("CapsuleShape3D_tgl2x")

[node name="untitled" parent="." instance=ExtResource("2_a8m7l")]

[node name="Armature (Mecha g)" parent="untitled" index="0"]
transform = Transform3D(0.997905, 0.0506767, 0.0402317, -0.0553887, 0.990449, 0.126268, -0.0334487, -0.128231, 0.99118, -0.0364351, -0.130577, 0.134316)

[node name="Physical Bone Hips" parent="untitled/Armature (Mecha g)/Skeleton3D" index="1"]
transform = Transform3D(1.00004, -2.94298e-06, 1.22143e-06, 4.84753e-05, 0.0362284, -0.999335, -2.26386e-05, 0.999359, 0.0362293, -3.09572e-06, 0.980494, -0.0148268)
joint_offset = Transform3D(1, 0, 0, 0, 1, 0, 0, 0, 1, 3.01836e-06, 2.85148e-05, 0.0661998)
body_offset = Transform3D(1.00004, -2.9467e-06, 1.22422e-06, 4.84791e-05, 0.0362284, -0.999335, -2.26349e-05, 0.999359, 0.0362293, -3.09944e-06, 0.0661547, -0.00242687)

[node name="Physical Bone Spine" parent="untitled/Armature (Mecha g)/Skeleton3D" index="2"]
transform = Transform3D(0.999616, 0.0272076, 0.00353895, 0.00760162, -0.149666, -0.988686, -0.0264575, 0.989704, -0.149778, -0.000743523, 1.25393, 0.0142062)
joint_offset = Transform3D(1, 0, 0, 0, 1, 0, 0, 0, 1, 2.39331e-06, -1.8036e-05, 0.209565)
body_offset = Transform3D(0.998267, -0.0197708, -0.0553916, -0.0544021, 0.047395, -0.997378, 0.0221891, 1.00001, 0.0460076, 0.0116054, 0.209016, -0.00962359)

[node name="Physical Bone Chest" parent="untitled/Armature (Mecha g)/Skeleton3D" index="3"]
transform = Transform3D(0.997745, 0.0941329, 0.0224348, 0.0514506, -0.334796, -0.940732, -0.0808027, 0.93762, -0.338187, -0.00510296, 1.55732, 0.0785401)
joint_offset = Transform3D(1, 0, 0, 0, 1, 0, 0, 0, 1, -0.0227507, 0.019704, 0.0984732)
body_offset = Transform3D(1.00034, -0.0583788, -0.0200476, -0.0129013, 0.139897, -0.990027, 0.0618486, 0.988485, 0.138906, 0.0258829, 0.0944411, -0.0317484)

[node name="Physical Bone Neck" parent="untitled/Armature (Mecha g)/Skeleton3D" index="4"]
transform = Transform3D(0.99534, 0.0967892, 9.59421e-05, 0.0528704, -0.542983, -0.838113, -0.0810482, 0.83429, -0.545505, -0.00727382, 1.72247, 0.159615)
joint_offset = Transform3D(1, 0, 0, 0, 1, 0, 0, 0, 1, -0.0250579, 0.0463075, 0.0821342)
body_offset = Transform3D(0.998899, -0.0458459, -0.0128185, -0.00706095, 0.12355, -0.992322, 0.0470855, 0.991399, 0.123053, 0.0282062, 0.0756054, -0.0548362)

[node name="Physical Bone Head" parent="untitled/Armature (Mecha g)/Skeleton3D" index="5"]
transform = Transform3D(0.99531, 0.0947453, 0.0197407, 0.0528883, -0.361528, -0.930809, -0.0810585, 0.927568, -0.364823, -0.00904393, 1.87998, 0.240695)
joint_offset = Transform3D(1, 0, 0, 0, 1, 0, 0, 0, 1, -0.0263101, 0.0679196, 0.097708)
body_offset = Transform3D(0.999347, -0.0256313, -0.0256766, -0.0227748, 0.107496, -0.993892, 0.0282278, 0.993906, 0.106818, 0.0305426, 0.089211, -0.0772001)

[node name="Physical Bone Left shoulder" parent="untitled/Armature (Mecha g)/Skeleton3D" index="6"]
transform = Transform3D(0.0197707, -0.31662, -0.94838, -0.275028, 0.91024, -0.309616, 0.961315, 0.266919, -0.0690743, 0.0945404, 1.62334, 0.105768)
joint_offset = Transform3D(1, 0, 0, 0, 1, 0, 0, 0, 1, 0.0362176, 0.0031214, 0.120364)
body_offset = Transform3D(0.980197, -0.189819, -0.0577806, -0.0776783, -0.099104, -0.992072, 0.182586, 0.97682, -0.111865, -0.0279532, 0.122532, 0.00380266)

[node name="Physical Bone Left arm" parent="untitled/Armature (Mecha g)/Skeleton3D" index="7"]
transform = Transform3D(-0.00287438, 0.434309, -0.900794, -0.649077, 0.684491, 0.332081, 0.760887, 0.585606, 0.279869, 0.331193, 1.59975, 0.0720399)
joint_offset = Transform3D(1, 0, 0, 0, 1, 0, 0, 0, 1, 0.0272919, -0.026451, 0.177824)
body_offset = Transform3D(0.976428, -0.139195, 0.165675, 0.0125208, -0.727973, -0.685519, 0.216077, 0.671391, -0.708978, -0.0597914, 0.102304, 0.137935)

[node name="Physical Bone Left elbow" parent="untitled/Armature (Mecha g)/Skeleton3D" index="8"]
transform = Transform3D(0.0769807, 0.391394, -0.916985, -0.590791, 0.75871, 0.274256, 0.803102, 0.520658, 0.28966, 0.584073, 1.51371, -0.00705495)
joint_offset = Transform3D(1, 0, 0, 0, 1, 0, 0, 0, 1, -0.000119597, -0.264867, 0.240717)
body_offset = Transform3D(0.777577, 0.36574, 0.511442, 0.584376, -0.720463, -0.373273, 0.231971, 0.589136, -0.774, -0.026147, -0.100904, 0.342385)

[node name="Physical Bone Left wrist" parent="untitled/Armature (Mecha g)/Skeleton3D" index="9"]
transform = Transform3D(0.139117, 0.440277, -0.887029, -0.555038, 0.776471, 0.298353, 0.820146, 0.450803, 0.352398, 0.801198, 1.44451, -0.0849301)
joint_offset = Transform3D(1, 0, 0, 0, 1, 0, 0, 0, 1, 0.0937868, -0.449676, 0.375334)
body_offset = Transform3D(0.68544, 0.347451, 0.639916, 0.677781, -0.62565, -0.386232, 0.266165, 0.698437, -0.664342, -0.148227, -0.199941, 0.538458)

[node name="Physical Bone Right shoulder" parent="untitled/Armature (Mecha g)/Skeleton3D" index="10"]
transform = Transform3D(-0.00674656, 0.306599, 0.951814, 0.277547, 0.915006, -0.292771, -0.960747, 0.262181, -0.0912636, -0.0998458, 1.62331, 0.105559)
joint_offset = Transform3D(1, 0, 0, 0, 1, 0, 0, 0, 1, -0.0410847, -0.0132421, 0.0750573)
body_offset = Transform3D(0.975274, 0.0839836, -0.204679, -0.168965, -0.314571, -0.934076, -0.142845, 0.945499, -0.29258, 0.0565436, 0.0590018, 0.0286119)

[node name="Physical Bone Right arm" parent="untitled/Armature (Mecha g)/Skeleton3D" index="11"]
transform = Transform3D(-0.0125823, -0.315359, 0.948879, 0.239759, 0.920321, 0.309048, -0.970785, 0.231408, 0.0640133, -0.333735, 1.5905, 0.101949)
joint_offset = Transform3D(1, 0, 0, 0, 1, 0, 0, 0, 1, -0.0686695, -0.0451894, 0.110202)
body_offset = Transform3D(0.954994, 0.143692, -0.259586, 0.00424246, -0.881403, -0.472334, -0.296707, 0.449971, -0.842316, 0.100679, 0.0125134, 0.092784)

[node name="Physical Bone Right elbow" parent="untitled/Armature (Mecha g)/Skeleton3D" index="12"]
transform = Transform3D(0.0574975, -0.271953, 0.960594, 0.159592, 0.95228, 0.260057, -0.985522, 0.138341, 0.098149, -0.599522, 1.50994, 0.0802806)
joint_offset = Transform3D(1, 0, 0, 0, 1, 0, 0, 0, 1, -0.0284049, -0.337632, 0.248436)
body_offset = Transform3D(0.79384, -0.42865, -0.431363, -0.531887, -0.833273, -0.150708, -0.294861, 0.349066, -0.889504, -0.0150111, -0.259007, 0.330465)

[node name="Physical Bone Right wrist" parent="untitled/Armature (Mecha g)/Skeleton3D" index="13"]
transform = Transform3D(0.403262, 0.000313535, 0.915094, -0.470115, 0.857996, 0.206862, -0.785148, -0.513614, 0.346174, -0.637382, 1.39077, -0.291794)
joint_offset = Transform3D(1, 0, 0, 0, 1, 0, 0, 0, 1, -0.0497205, -0.538503, 0.435408)
body_offset = Transform3D(0.72576, 0.04004, -0.686843, 0.0269662, -0.999172, -0.0297009, -0.687481, 0.00303121, -0.726216, 0.356703, -0.523784, 0.283651)

[node name="Physical Bone Left leg" parent="untitled/Armature (Mecha g)/Skeleton3D" index="14"]
transform = Transform3D(0.97634, 0.0462985, -0.211512, 0.214976, -0.323812, 0.921383, -0.0258331, -0.945042, -0.326086, 0.141157, 0.726317, 0.0541337)
joint_offset = Transform3D(1, 0, 0, 0, 1, 0, 0, 0, 1, 5.25743e-06, -8.2776e-06, 0.204061)
body_offset = Transform3D(0.999621, 0.0289718, 0.00636028, 0.0157072, -0.334885, -0.942148, -0.0251588, 0.941869, -0.335162, -0.0013029, 0.192252, 0.0684013)

[node name="Physical Bone Left knee" parent="untitled/Armature (Mecha g)/Skeleton3D" index="15"]
transform = Transform3D(0.995917, -0.0380593, -0.0823244, 0.0879982, 0.625237, 0.775498, 0.02196, -0.779535, 0.62602, 0.200421, 0.386555, -0.00185397)
joint_offset = Transform3D(1, 0, 0, 0, 1, 0, 0, 0, 1, 0.00355088, -0.0521915, 0.3243)
body_offset = Transform3D(0.986123, 0.165765, -0.0125833, -0.0852285, 0.439093, -0.89443, -0.142738, 0.883042, 0.447117, 0.00923066, 0.313283, -0.0984059)

[node name="Physical Bone Left ankle" parent="untitled/Armature (Mecha g)/Skeleton3D" index="16"]
transform = Transform3D(1.00002, 3.8743e-07, 1.01328e-06, 3.32436e-06, -0.718404, 0.695632, -4.06057e-07, -0.695635, -0.718407, 0.216537, 0.134377, -0.020654)
joint_offset = Transform3D(1, 0, 0, 0, 1, 0, 0, 0, 1, -0.048233, -0.155166, 0.277321)
body_offset = Transform3D(0.983961, 0.0613549, 0.167636, 0.132741, 0.376407, -0.9169, -0.119357, 0.924428, 0.362222, 0.0104905, 0.319084, 0.0372313)

[node name="Physical Bone Left toe" parent="untitled/Armature (Mecha g)/Skeleton3D" index="17"]
transform = Transform3D(-1.00008, -2.19792e-07, 1.66409e-05, -5.96466e-06, 1.00003, -1.92821e-05, -8.13976e-06, -2.38419e-06, -1.0024, 0.216525, 0.0339207, 0.116636)
joint_offset = Transform3D(1, 0, 0, 0, 1, 0, 0, 0, 1, 0.00989761, 0.142612, 0.113726)
body_offset = Transform3D(0.983893, -0.0757057, -0.162816, -0.16978, -0.103618, -0.982368, 0.0573609, 0.991765, -0.115082, 0.0195747, 0.128178, -0.128917)

[node name="Physical Bone Right leg" parent="untitled/Armature (Mecha g)/Skeleton3D" index="18"]
transform = Transform3D(0.976341, -0.0462885, 0.211519, -0.214974, -0.323807, 0.921405, 0.0258344, -0.945039, -0.326088, -0.141161, 0.726342, 0.0541493)
joint_offset = Transform3D(1, 0, 0, 0, 1, 0, 0, 0, 1, 3.99444e-06, 1.54041e-05, 0.204039)
body_offset = Transform3D(0.977618, -0.153282, 0.144544, 0.101518, -0.258454, -0.960711, 0.184614, 0.953835, -0.237071, -0.0294943, 0.196027, 0.0483563)

[node name="Physical Bone Right knee" parent="untitled/Armature (Mecha g)/Skeleton3D" index="19"]
transform = Transform3D(0.995903, 0.038058, 0.0823226, -0.0879927, 0.625253, 0.775476, -0.0219576, -0.779538, 0.626018, -0.200433, 0.386564, -0.00186487)
joint_offset = Transform3D(1, 0, 0, 0, 1, 0, 0, 0, 1, 0.042909, -0.0475531, 0.290558)
body_offset = Transform3D(0.981751, -0.00150822, 0.190299, 0.178755, 0.350359, -0.919424, -0.0652821, 0.936651, 0.344218, -0.0974904, 0.276136, -0.0526732)

[node name="Physical Bone Right ankle" parent="untitled/Armature (Mecha g)/Skeleton3D" index="20"]
transform = Transform3D(1.00003, 7.1954e-06, -1.16043e-06, -1.82167e-06, -0.718525, 0.69568, -2.92435e-06, -0.695736, -0.718443, -0.216537, 0.13422, -0.0206929)
joint_offset = Transform3D(1, 0, 0, 0, 1, 0, 0, 0, 1, 0.126218, -0.108353, 0.239775)
body_offset = Transform3D(0.987308, -0.13332, -0.0867182, -0.0685645, 0.135215, -0.988511, 0.143497, 0.981973, 0.124325, -0.118269, 0.260325, 0.0584776)

[node name="Physical Bone Right toe" parent="untitled/Armature (Mecha g)/Skeleton3D" index="21"]
transform = Transform3D(-1.00036, 4.25815e-05, -2.06977e-05, -1.34762e-06, 1.00026, 2.23517e-06, 3.27826e-06, -2.72691e-06, -1.00122, -0.216534, 0.0339542, 0.116651)
joint_offset = Transform3D(1, 0, 0, 0, 1, 0, 0, 0, 1, -0.106381, 0.118332, 0.0562838)
body_offset = Transform3D(0.987629, -0.0354987, 0.155236, 0.149369, -0.128933, -0.981548, 0.0547519, 0.991279, -0.122104, 0.100528, 0.0863922, -0.104603)

[node name="Physical Bone Spine001" parent="untitled/Armature (Mecha g)/Skeleton3D" index="22"]
transform = Transform3D(0.980822, 0.181971, -0.0700556, -0.109502, 0.81129, 0.574299, 0.161338, -0.555594, 0.815675, 0.0333458, 0.754758, -0.345432)
joint_offset = Transform3D(1, 0, 0, 0, 1, 0, 0, 0, 1, 1.57999e-06, -1.0686e-06, 0.168842)
body_offset = Transform3D(1.00002, -2.21282e-06, -1.37091e-06, -1.55717e-06, 4.32134e-06, -1.00003, 7.18236e-06, 0.999995, -4.26173e-06, -1.34856e-06, 0.168847, 1.78814e-06)

[node name="Physical Bone Spine002" parent="untitled/Armature (Mecha g)/Skeleton3D" index="23"]
transform = Transform3D(0.987657, 0.153283, -0.0293606, -0.152159, 0.987571, 0.0371497, 0.034693, -0.0322343, 0.998881, 0.0537786, 0.646894, -0.775887)
joint_offset = Transform3D(1, 0, 0, 0, 1, 0, 0, 0, 1, 1.28262e-07, 5.79853e-06, 0.293059)
body_offset = Transform3D(0.999911, -5.12809e-06, 1.16415e-06, -2.17184e-06, 9.79006e-06, -1, 1.02061e-05, 0.999916, -1.07288e-06, -4.69387e-07, 0.29306, -5.48363e-06)

[node name="Physical Bone Spine003" parent="untitled/Armature (Mecha g)/Skeleton3D" index="24"]
transform = Transform3D(0.990574, 0.150137, -0.0175326, -0.151671, 0.983381, -0.101214, 0.00173531, 0.10273, 0.994834, 0.0656283, 0.654741, -1.25265)
joint_offset = Transform3D(1, 0, 0, 0, 1, 0, 0, 0, 1, -4.97713e-07, -1.2874e-06, 0.18502)
body_offset = Transform3D(1.00212, 8.88569e-07, 6.6217e-07, 0.000290371, -2.7325e-05, -1.00012, -0.000250656, 1.00007, 7.11903e-06, 3.76254e-07, 0.185043, -2.98023e-08)

[node name="SpringArm3D" type="SpringArm3D" parent="."]
collision_mask = 3
spring_length = 3.0
margin = 0.02
script = ExtResource("2_3s06r")

[node name="Camera3D" type="Camera3D" parent="SpringArm3D"]
current = true

[editable path="untitled"]
