[gd_scene load_steps=5 format=3 uid="uid://ck7qsmcr0ybh4"]

[ext_resource type="Script" path="res://untitled.gd" id="1_5nvuh"]
[ext_resource type="Script" path="res://SpringArm3D.gd" id="2_3s06r"]
[ext_resource type="PackedScene" uid="uid://8bhhb14gh4x0" path="res://fox_body_3.tscn" id="2_a8m7l"]

[sub_resource type="CapsuleShape3D" id="CapsuleShape3D_tgl2x"]
height = 2.30437

[node name="untitled" type="CharacterBody3D"]
transform = Transform3D(1, 0, 0, 0, 1, 0, 0, 0, 1, -0.00951624, 0.00231206, 0.0213754)
collision_layer = 2
collision_mask = 2
script = ExtResource("1_5nvuh")

[node name="CollisionShape3D" type="CollisionShape3D" parent="."]
transform = Transform3D(1, 0, 0, 0, 1, 0, 0, 0, 1, -0.0138035, 0.794687, -0.0354961)
shape = SubResource("CapsuleShape3D_tgl2x")

[node name="untitled" parent="." instance=ExtResource("2_a8m7l")]

[node name="Armature (Mecha g)" parent="untitled" index="0"]
transform = Transform3D(0.996092, 0.084375, 0.0261414, -0.0858961, 0.994254, 0.0638936, -0.0206001, -0.0658894, 0.997614, -0.0777854, -0.131581, 0.0826281)

[node name="Skeleton3D" parent="untitled/Armature (Mecha g)" index="0"]
bones/3/rotation = Quaternion(0.0653288, 0.000474543, -0.0185549, 0.997691)
bones/4/rotation = Quaternion(-0.152659, 0.000209105, -0.0185593, 0.988105)
bones/8/rotation = Quaternion(-0.00801018, -0.0479429, -0.232069, 0.971484)
bones/9/rotation = Quaternion(-0.187834, 0.0934, 0.04325, 0.976793)
bones/11/rotation = Quaternion(-0.453636, 0.552152, 0.442308, 0.541946)
bones/13/rotation = Quaternion(-0.00775028, 0.0480301, 0.224542, 0.973249)
bones/16/rotation = Quaternion(0.893572, 0.116126, -0.0355058, 0.432184)
bones/17/rotation = Quaternion(0.805679, -0.0403295, 0.0199198, 0.590643)
bones/18/rotation = Quaternion(-0.64816, -0.0122393, -0.0395896, 0.760376)
bones/19/rotation = Quaternion(-0.0139198, 0.888715, -0.456257, 0.0426724)
bones/21/rotation = Quaternion(0.941324, -0.00982073, 0.117257, 0.316329)
bones/22/rotation = Quaternion(0.733335, 0.0157708, -0.0812295, 0.674813)
bones/23/rotation = Quaternion(-0.756778, -0.00351583, 0.0710524, 0.649789)
bones/24/rotation = Quaternion(2.96935e-08, 0.926931, -0.375231, 5.42607e-08)

[node name="Physical Bone Hips" parent="untitled/Armature (Mecha g)/Skeleton3D" index="1"]
transform = Transform3D(1.00004, -2.76603e-06, 7.08969e-07, 4.77994e-05, 0.0362297, -0.999341, -2.30446e-05, 0.999363, 0.0362295, -2.86102e-06, 0.980504, -0.0148276)
joint_offset = Transform3D(1, 0, 0, 0, 1, 0, 0, 0, 1, 2.82942e-06, 2.89429e-05, 0.0662092)
body_offset = Transform3D(1.00004, -2.76789e-06, 7.01752e-07, 4.77995e-05, 0.0362297, -0.999341, -2.30409e-05, 0.999363, 0.0362295, -2.87592e-06, 0.0661645, -0.00242765)

[node name="Physical Bone Spine" parent="untitled/Armature (Mecha g)/Skeleton3D" index="2"]
transform = Transform3D(0.990864, -0.131841, -0.0277714, -0.0246438, 0.0252685, -0.999391, 0.132442, 0.991092, 0.0217859, 0.00581752, 1.25613, -0.0217602)
joint_offset = Transform3D(1, 0, 0, 0, 1, 0, 0, 0, 1, 6.33459e-07, -4.50388e-06, 0.209522)
body_offset = Transform3D(0.998252, -0.0196286, -0.05539, -0.0544086, 0.0471916, -0.997417, 0.0221905, 0.998835, 0.0460362, 0.0116047, 0.208981, -0.00964111)

[node name="Physical Bone Chest" parent="untitled/Armature (Mecha g)/Skeleton3D" index="3"]
transform = Transform3D(0.92793, -0.372505, 0.0144438, 0.0832409, 0.169269, -0.981986, 0.363358, 0.91249, 0.188049, 0.0134745, 1.5608, -0.037912)
joint_offset = Transform3D(1, 0, 0, 0, 1, 0, 0, 0, 1, -0.0228051, 0.0196782, 0.0984422)
body_offset = Transform3D(0.9981, -0.0583738, -0.0200575, -0.0117091, 0.13989, -0.990034, 0.0605924, 0.98847, 0.138919, 0.025885, 0.0944413, -0.031745)

[node name="Physical Bone Neck" parent="untitled/Armature (Mecha g)/Skeleton3D" index="4"]
transform = Transform3D(0.927933, -0.359131, 0.100047, 0.0832397, -0.0620079, -0.994592, 0.363373, 0.93134, -0.0276566, 0.00318773, 1.74383, -0.0535746)
joint_offset = Transform3D(1, 0, 0, 0, 1, 0, 0, 0, 1, -0.0250596, 0.0463027, 0.0821316)
body_offset = Transform3D(0.997648, -0.0613146, 0.0310809, 0.0333117, 0.0356671, -0.998803, 0.0601397, 0.997588, 0.0376059, 0.025287, 0.0812166, -0.0477726)

[node name="Physical Bone Head" parent="untitled/Armature (Mecha g)/Skeleton3D" index="5"]
transform = Transform3D(0.927921, -0.371926, 0.0250792, 0.0832418, 0.141146, -0.986426, 0.363361, 0.917473, 0.161925, -0.0079517, 1.92023, -0.0655425)
joint_offset = Transform3D(1, 0, 0, 0, 1, 0, 0, 0, 1, -0.0191336, 0.0528778, 0.0933938)
body_offset = Transform3D(0.996038, -0.0699359, 0.0549002, 0.0501234, -0.0684044, -0.996341, 0.0734444, 0.995207, -0.0646205, 0.0176285, 0.0976282, -0.0451839)

[node name="Physical Bone Left shoulder" parent="untitled/Armature (Mecha g)/Skeleton3D" index="6"]
transform = Transform3D(-0.297308, -0.325551, -0.897578, 0.238199, 0.885086, -0.399902, 0.924678, -0.332683, -0.185571, 0.1002, 1.64168, -0.0231263)
joint_offset = Transform3D(1, 0, 0, 0, 1, 0, 0, 0, 1, 0.0362185, 0.00312137, 0.120368)
body_offset = Transform3D(0.980198, -0.189818, -0.0577719, -0.0776794, -0.0991, -0.992044, 0.182584, 0.976825, -0.111874, -0.0279549, 0.122533, 0.00380409)

[node name="Physical Bone Left arm" parent="untitled/Armature (Mecha g)/Skeleton3D" index="7"]
transform = Transform3D(-0.603646, 0.163249, -0.78038, 0.12895, 0.98591, 0.106499, 0.78677, -0.0363385, -0.616192, 0.314676, 1.66223, 0.100959)
joint_offset = Transform3D(1, 0, 0, 0, 1, 0, 0, 0, 1, 0.0272981, -0.0264488, 0.177824)
body_offset = Transform3D(0.97632, -0.139205, 0.165669, 0.0125257, -0.727949, -0.685517, 0.216023, 0.671343, -0.708976, -0.0597934, 0.102306, 0.137932)

[node name="Physical Bone Left elbow" parent="untitled/Armature (Mecha g)/Skeleton3D" index="8"]
transform = Transform3D(-0.552118, 0.185916, -0.812772, 0.221756, 0.972425, 0.0718054, 0.803752, -0.140588, -0.578131, 0.53582, 1.63647, 0.26841)
joint_offset = Transform3D(1, 0, 0, 0, 1, 0, 0, 0, 1, -0.000115149, -0.264872, 0.240717)
body_offset = Transform3D(0.887803, 0.199092, 0.414945, 0.40278, -0.772348, -0.491136, 0.222712, 0.603142, -0.765895, -0.047048, -0.0863026, 0.344145)

[node name="Physical Bone Left wrist" parent="untitled/Armature (Mecha g)/Skeleton3D" index="9"]
transform = Transform3D(-0.505078, 0.268822, -0.820154, 0.276812, 0.950506, 0.141083, 0.817509, -0.155762, -0.554475, 0.732631, 1.61025, 0.404689)
joint_offset = Transform3D(1, 0, 0, 0, 1, 0, 0, 0, 1, 0.0534776, -0.457135, 0.34661)
body_offset = Transform3D(0.82202, -0.0484867, 0.567426, 0.138297, -0.949544, -0.28147, 0.552455, 0.309844, -0.773823, -0.2628, -0.343905, 0.380311)

[node name="Physical Bone Right shoulder" parent="untitled/Armature (Mecha g)/Skeleton3D" index="10"]
transform = Transform3D(0.450938, 0.306509, 0.838291, -0.22366, 0.948011, -0.226326, -0.864126, -0.0854242, 0.496034, -0.0717648, 1.62414, -0.0906877)
joint_offset = Transform3D(1, 0, 0, 0, 1, 0, 0, 0, 1, -0.0410861, -0.0132539, 0.0750595)
body_offset = Transform3D(0.972789, 0.121805, -0.197288, -0.176527, -0.162659, -0.970768, -0.150342, 0.97912, -0.136717, 0.0563908, 0.0634567, 0.0170621)

[node name="Physical Bone Right arm" parent="untitled/Armature (Mecha g)/Skeleton3D" index="11"]
transform = Transform3D(0.407546, -0.343277, 0.846203, -0.068703, 0.912504, 0.403257, -0.910601, -0.222483, 0.348299, -0.28569, 1.58635, -0.18626)
joint_offset = Transform3D(1, 0, 0, 0, 1, 0, 0, 0, 1, -0.0712079, -0.0186077, 0.121281)
body_offset = Transform3D(0.950296, 0.196212, -0.241755, 0.00982118, -0.794957, -0.606584, -0.311207, 0.57406, -0.757363, 0.10064, 0.0594743, 0.0803754)

[node name="Physical Bone Right elbow" parent="untitled/Armature (Mecha g)/Skeleton3D" index="12"]
transform = Transform3D(0.473787, -0.263395, 0.840321, -0.142471, 0.918698, 0.368302, -0.869028, -0.294219, 0.397756, -0.520883, 1.47796, -0.288908)
joint_offset = Transform3D(1, 0, 0, 0, 1, 0, 0, 0, 1, -0.0359426, -0.284197, 0.212697)
body_offset = Transform3D(0.885347, -0.157869, -0.437287, -0.345866, -0.852181, -0.392584, -0.310675, 0.498812, -0.809107, 0.0799655, -0.171117, 0.302689)

[node name="Physical Bone Right wrist" parent="untitled/Armature (Mecha g)/Skeleton3D" index="13"]
transform = Transform3D(0.670756, -0.0719979, 0.738183, -0.266475, 0.905403, 0.330439, -0.692169, -0.418351, 0.588141, -0.58093, 1.41935, -0.459112)
joint_offset = Transform3D(1, 0, 0, 0, 1, 0, 0, 0, 1, -0.0746767, -0.495366, 0.339328)
body_offset = Transform3D(0.609197, 0.313119, -0.728603, 0.127867, -0.945488, -0.299421, -0.782655, 0.089241, -0.616035, 0.447837, -0.357212, 0.194799)

[node name="Physical Bone Left leg" parent="untitled/Armature (Mecha g)/Skeleton3D" index="14"]
transform = Transform3D(0.97633, 0.0462983, -0.211512, 0.214975, -0.323814, 0.921387, -0.025834, -0.945041, -0.326088, 0.141156, 0.726325, 0.054139)
joint_offset = Transform3D(1, 0, 0, 0, 1, 0, 0, 0, 1, 3.72063e-06, -8.34465e-07, 0.204055)
body_offset = Transform3D(0.989785, 0.142494, 0.0110902, 0.0839753, -0.516989, -0.851898, -0.115648, 0.844109, -0.523614, -0.00226657, 0.173833, 0.106847)

[node name="Physical Bone Left knee" parent="untitled/Armature (Mecha g)/Skeleton3D" index="15"]
transform = Transform3D(0.995902, -0.0380592, -0.0823217, 0.087996, 0.625235, 0.775487, 0.0219553, -0.779531, 0.62601, 0.200423, 0.38657, -0.00185266)
joint_offset = Transform3D(1, 0, 0, 0, 1, 0, 0, 0, 1, 0.02634, -0.0576194, 0.408584)
body_offset = Transform3D(0.962555, 0.240885, -0.124532, -0.190144, 0.272125, -0.943313, -0.193338, 0.931643, 0.307734, 0.0394078, 0.406111, -0.0669621)

[node name="Physical Bone Left ankle" parent="untitled/Armature (Mecha g)/Skeleton3D" index="16"]
transform = Transform3D(1.00003, -8.54954e-07, 9.05246e-07, 2.99839e-06, -0.718407, 0.695634, -2.27243e-07, -0.695635, -0.718409, 0.216537, 0.134377, -0.0206544)
joint_offset = Transform3D(1, 0, 0, 0, 1, 0, 0, 0, 1, -0.0691031, -0.224989, 0.21192)
body_offset = Transform3D(0.944075, 0.0127044, 0.329561, 0.303342, 0.358754, -0.882778, -0.129449, 0.933355, 0.33483, -0.0017438, 0.288756, 0.130092)

[node name="Physical Bone Left toe" parent="untitled/Armature (Mecha g)/Skeleton3D" index="17"]
transform = Transform3D(-1.00007, 1.44937e-07, 1.60858e-05, -6.57374e-06, 1.00002, -1.98558e-05, -5.44637e-06, -7.59959e-07, -1.0024, 0.216537, 0.0339391, 0.116631)
joint_offset = Transform3D(1, 0, 0, 0, 1, 0, 0, 0, 1, -0.0184747, 0.157775, 0.0219175)
body_offset = Transform3D(0.951459, -0.136089, -0.276971, -0.295486, -0.149979, -0.945764, 0.0869594, 0.979304, -0.183352, 0.04512, 0.0389328, -0.148885)

[node name="Physical Bone Right leg" parent="untitled/Armature (Mecha g)/Skeleton3D" index="18"]
transform = Transform3D(0.976329, -0.0462882, 0.211514, -0.214973, -0.323809, 0.921398, 0.025834, -0.945032, -0.326087, -0.14116, 0.726349, 0.0541412)
joint_offset = Transform3D(1, 0, 0, 0, 1, 0, 0, 0, 1, 4.87641e-06, 9.86457e-06, 0.204032)
body_offset = Transform3D(0.943185, -0.277532, 0.182963, 0.096756, -0.297391, -0.94987, 0.318028, 0.913574, -0.253609, -0.0373321, 0.193806, 0.0517337)

[node name="Physical Bone Right knee" parent="untitled/Armature (Mecha g)/Skeleton3D" index="19"]
transform = Transform3D(0.995895, 0.0380574, 0.0823224, -0.0879924, 0.625249, 0.775474, -0.0219577, -0.779529, 0.626013, -0.200434, 0.386568, -0.00186029)
joint_offset = Transform3D(1, 0, 0, 0, 1, 0, 0, 0, 1, 0.0415403, -0.0520799, 0.306473)
body_offset = Transform3D(0.908562, -0.0533095, 0.414378, 0.409934, 0.305203, -0.859556, -0.0806435, 0.95082, 0.299143, -0.167514, 0.262297, -0.0388107)

[node name="Physical Bone Right ankle" parent="untitled/Armature (Mecha g)/Skeleton3D" index="20"]
transform = Transform3D(1.00003, 6.05453e-06, -1.00583e-06, -2.11992e-06, -0.71851, 0.695676, -3.50364e-06, -0.695707, -0.718427, -0.216536, 0.13423, -0.0206931)
joint_offset = Transform3D(1, 0, 0, 0, 1, 0, 0, 0, 1, 0.217364, -0.142476, 0.217165)
body_offset = Transform3D(0.963527, -0.230123, -0.136817, -0.116631, 0.0992427, -0.98826, 0.240971, 0.968226, 0.0687421, -0.212511, 0.254107, 0.0706421)

[node name="Physical Bone Right toe" parent="untitled/Armature (Mecha g)/Skeleton3D" index="21"]
transform = Transform3D(-1.00036, 4.35569e-05, -2.04127e-05, -1.2907e-06, 1.00024, 2.84612e-06, 2.61702e-06, -1.48267e-06, -1.00122, -0.216536, 0.0339572, 0.11665)
joint_offset = Transform3D(1, 0, 0, 0, 1, 0, 0, 0, 1, -0.183624, 0.134633, 0.00918085)
body_offset = Transform3D(0.963848, -0.0701923, 0.258685, 0.251497, -0.0945607, -0.964423, 0.0920097, 0.993283, -0.0735293, 0.184061, 0.0677661, -0.116158)

[node name="Physical Bone Spine001" parent="untitled/Armature (Mecha g)/Skeleton3D" index="22"]
transform = Transform3D(0.980815, 0.181972, -0.0700515, -0.109506, 0.811292, 0.574291, 0.161337, -0.555593, 0.815661, 0.0333454, 0.754761, -0.345432)
joint_offset = Transform3D(1, 0, 0, 0, 1, 0, 0, 0, 1, 1.81877e-06, -3.70438e-06, 0.168843)
body_offset = Transform3D(1.00001, -1.87755e-06, 1.31875e-06, 4.61936e-07, 2.47359e-06, -1.00001, 3.8445e-06, 0.999996, -2.77162e-06, -2.04146e-06, 0.168845, 4.17233e-06)

[node name="Physical Bone Spine002" parent="untitled/Armature (Mecha g)/Skeleton3D" index="23"]
transform = Transform3D(0.987732, 0.153296, -0.0293613, -0.152172, 0.987624, 0.0371497, 0.034694, -0.0322286, 0.998888, 0.0537785, 0.646897, -0.775885)
joint_offset = Transform3D(1, 0, 0, 0, 1, 0, 0, 0, 1, 7.91125e-07, 2.69956e-06, 0.293054)
body_offset = Transform3D(0.999987, 5.56232e-07, 7.58097e-07, -4.8615e-07, 2.5034e-06, -1.00001, 8.67201e-06, 0.99997, -1.48267e-06, -1.01328e-06, 0.293057, -2.26498e-06)

[node name="Physical Bone Spine003" parent="untitled/Armature (Mecha g)/Skeleton3D" index="24"]
transform = Transform3D(0.989242, 0.150131, -0.0175328, -0.151316, 0.983348, -0.101214, 0.00193537, 0.102703, 0.994831, 0.065628, 0.654742, -1.25265)
joint_offset = Transform3D(1, 0, 0, 0, 1, 0, 0, 0, 1, 1.27927e-07, -3.27074e-06, 0.185019)
body_offset = Transform3D(1.00075, -8.48668e-08, 3.14787e-07, 0.000103902, -4.58211e-06, -1.00012, -8.13367e-05, 1.00003, 7.20844e-06, -1.86265e-07, 0.185041, 1.93715e-06)

[node name="SpringArm3D" type="SpringArm3D" parent="."]
spring_length = 7.0
margin = 0.02
script = ExtResource("2_3s06r")

[node name="Camera3D" type="Camera3D" parent="SpringArm3D"]
current = true

[editable path="untitled"]
