[gd_scene load_steps=5 format=3 uid="uid://ck7qsmcr0ybh4"]

[ext_resource type="Script" path="res://untitled.gd" id="1_5nvuh"]
[ext_resource type="Script" path="res://SpringArm3D.gd" id="2_3s06r"]
[ext_resource type="PackedScene" uid="uid://8bhhb14gh4x0" path="res://fox_body_3.tscn" id="2_a8m7l"]

[sub_resource type="CapsuleShape3D" id="CapsuleShape3D_tgl2x"]
height = 2.30437

[node name="untitled" type="CharacterBody3D"]
transform = Transform3D(1, 0, 0, 0, 1, 0, 0, 0, 1, -0.00951624, 0.00231206, 0.0213754)
collision_layer = 2
collision_mask = 2
script = ExtResource("1_5nvuh")

[node name="CollisionShape3D" type="CollisionShape3D" parent="."]
transform = Transform3D(1, 0, 0, 0, 1, 0, 0, 0, 1, -0.0138035, 0.794687, -0.0354961)
shape = SubResource("CapsuleShape3D_tgl2x")

[node name="untitled" parent="." instance=ExtResource("2_a8m7l")]

[node name="Armature (Mecha g)" parent="untitled" index="0"]
transform = Transform3D(0.996092, 0.084375, 0.0261414, -0.0858961, 0.994254, 0.0638936, -0.0206001, -0.0658894, 0.997614, -0.0777854, -0.131581, 0.0826281)

[node name="Skeleton3D" parent="untitled/Armature (Mecha g)" index="0"]
bones/3/rotation = Quaternion(0.0653288, 0.000474543, -0.0185549, 0.997691)
bones/4/rotation = Quaternion(-0.152659, 0.000209105, -0.0185593, 0.988105)
bones/8/rotation = Quaternion(-0.00801018, -0.0479429, -0.232069, 0.971484)
bones/9/rotation = Quaternion(-0.187834, 0.0934, 0.04325, 0.976793)
bones/11/rotation = Quaternion(-0.453636, 0.552152, 0.442308, 0.541946)
bones/13/rotation = Quaternion(-0.00775028, 0.0480301, 0.224542, 0.973249)
bones/16/rotation = Quaternion(0.893572, 0.116126, -0.0355058, 0.432184)
bones/17/rotation = Quaternion(0.805679, -0.0403295, 0.0199198, 0.590643)
bones/18/rotation = Quaternion(-0.64816, -0.0122393, -0.0395896, 0.760376)
bones/19/rotation = Quaternion(-0.0139198, 0.888715, -0.456257, 0.0426724)
bones/21/rotation = Quaternion(0.941324, -0.00982073, 0.117257, 0.316329)
bones/22/rotation = Quaternion(0.733335, 0.0157708, -0.0812295, 0.674813)
bones/23/rotation = Quaternion(-0.756778, -0.00351583, 0.0710524, 0.649789)
bones/24/rotation = Quaternion(2.96935e-08, 0.926931, -0.375231, 5.42607e-08)

[node name="Physical Bone Hips" parent="untitled/Armature (Mecha g)/Skeleton3D" index="1"]
transform = Transform3D(1.00004, -2.76603e-06, 7.61589e-07, 4.77994e-05, 0.0362297, -0.999341, -2.30446e-05, 0.999363, 0.0362295, -2.86102e-06, 0.980503, -0.0148277)
joint_offset = Transform3D(1, 0, 0, 0, 1, 0, 0, 0, 1, 2.82548e-06, 2.8949e-05, 0.0662092)
body_offset = Transform3D(1.00004, -2.76789e-06, 7.61356e-07, 4.77995e-05, 0.0362297, -0.999341, -2.30409e-05, 0.999363, 0.0362295, -2.87592e-06, 0.0661645, -0.00242765)

[node name="Physical Bone Spine" parent="untitled/Armature (Mecha g)/Skeleton3D" index="2"]
transform = Transform3D(0.985276, -0.026116, -0.168899, -0.165282, -0.396086, -0.903347, -0.0433586, 0.919288, -0.394198, 0.0353903, 1.23603, 0.0654115)
joint_offset = Transform3D(1, 0, 0, 0, 1, 0, 0, 0, 1, 1.33277e-06, -1.04234e-05, 0.209544)
body_offset = Transform3D(0.998256, -0.0197706, -0.0553927, -0.054404, 0.0473952, -0.997381, 0.0221899, 1.00001, 0.0460077, 0.0116057, 0.208996, -0.00963023)

[node name="Physical Bone Chest" parent="untitled/Armature (Mecha g)/Skeleton3D" index="3"]
transform = Transform3D(0.941613, -0.183983, -0.287438, -0.292218, -0.874116, -0.389532, -0.18073, 0.449614, -0.874959, 0.100973, 1.46925, 0.239916)
joint_offset = Transform3D(1, 0, 0, 0, 1, 0, 0, 0, 1, -0.0227516, 0.0196969, 0.0984759)
body_offset = Transform3D(1.00035, -0.0583789, -0.0200528, -0.0129014, 0.139896, -0.990055, 0.061849, 0.988485, 0.13892, 0.0258842, 0.0944476, -0.0317432)

[node name="Physical Bone Neck" parent="untitled/Armature (Mecha g)/Skeleton3D" index="4"]
transform = Transform3D(0.939976, -0.24538, -0.237219, -0.290219, -0.940515, -0.17725, -0.179589, 0.235496, -0.955154, 0.149756, 1.52254, 0.409124)
joint_offset = Transform3D(1, 0, 0, 0, 1, 0, 0, 0, 1, -0.0250593, 0.0463088, 0.0821378)
body_offset = Transform3D(0.997651, -0.0613156, 0.0310807, 0.0333122, 0.0356707, -0.998814, 0.0601391, 0.9976, 0.0376044, 0.025287, 0.0812233, -0.0477793)

[node name="Physical Bone Head" parent="untitled/Armature (Mecha g)/Skeleton3D" index="5"]
transform = Transform3D(0.939975, -0.192103, -0.28206, -0.29021, -0.884861, -0.364415, -0.179586, 0.424417, -0.887429, 0.195992, 1.57078, 0.573187)
joint_offset = Transform3D(1, 0, 0, 0, 1, 0, 0, 0, 1, -0.0191332, 0.0528755, 0.0933918)
body_offset = Transform3D(0.996051, -0.0699365, 0.0549036, 0.0501266, -0.0684046, -0.996341, 0.073445, 0.995209, -0.0646224, 0.017628, 0.0976261, -0.0451818)

[node name="Physical Bone Left shoulder" parent="untitled/Armature (Mecha g)/Skeleton3D" index="6"]
transform = Transform3D(-0.125292, -0.22684, -0.965876, -0.817269, 0.575634, -0.0291847, 0.562618, 0.785649, -0.257488, 0.208992, 1.48386, 0.304666)
joint_offset = Transform3D(1, 0, 0, 0, 1, 0, 0, 0, 1, 0.0362183, 0.0031213, 0.120365)
body_offset = Transform3D(0.980201, -0.189819, -0.0577817, -0.0776802, -0.0991034, -0.992076, 0.182586, 0.976833, -0.111874, -0.0279539, 0.122534, 0.00380373)

[node name="Physical Bone Left arm" parent="untitled/Armature (Mecha g)/Skeleton3D" index="7"]
transform = Transform3D(0.181702, -0.61067, -0.77078, -0.542942, 0.591275, -0.596413, 0.820035, 0.526843, -0.224106, 0.386412, 1.5956, 0.352642)
joint_offset = Transform3D(1, 0, 0, 0, 1, 0, 0, 0, 1, 0.0272932, -0.0264491, 0.177825)
body_offset = Transform3D(0.976429, -0.139195, 0.165673, 0.0125223, -0.727975, -0.68552, 0.216077, 0.67139, -0.708978, -0.0597922, 0.102306, 0.137934)

[node name="Physical Bone Left elbow" parent="untitled/Armature (Mecha g)/Skeleton3D" index="8"]
transform = Transform3D(0.151411, -0.659581, -0.736195, -0.45671, 0.61381, -0.643907, 0.87662, 0.433736, -0.208306, 0.597327, 1.76718, 0.41333)
joint_offset = Transform3D(1, 0, 0, 0, 1, 0, 0, 0, 1, -0.000115104, -0.264872, 0.240717)
body_offset = Transform3D(0.887788, 0.199092, 0.414946, 0.402745, -0.772346, -0.491135, 0.222714, 0.603142, -0.765897, -0.0470483, -0.086302, 0.344145)

[node name="Physical Bone Left wrist" parent="untitled/Armature (Mecha g)/Skeleton3D" index="9"]
transform = Transform3D(0.142308, -0.622304, -0.76973, -0.391264, 0.678949, -0.621268, 0.909246, 0.38956, -0.146849, 0.779055, 1.91943, 0.455622)
joint_offset = Transform3D(1, 0, 0, 0, 1, 0, 0, 0, 1, 0.0534762, -0.457134, 0.346607)
body_offset = Transform3D(0.822031, -0.0484875, 0.567437, 0.138295, -0.949545, -0.281472, 0.552455, 0.309844, -0.773829, -0.262802, -0.343905, 0.380312)

[node name="Physical Bone Right shoulder" parent="untitled/Armature (Mecha g)/Skeleton3D" index="10"]
transform = Transform3D(0.24531, 0.589123, 0.769916, 0.819428, 0.298449, -0.489428, -0.518149, 0.750895, -0.409506, 0.0356896, 1.52978, 0.318246)
joint_offset = Transform3D(1, 0, 0, 0, 1, 0, 0, 0, 1, -0.0410848, -0.0132539, 0.0750592)
body_offset = Transform3D(0.972805, 0.121806, -0.197288, -0.17653, -0.162659, -0.970768, -0.150346, 0.979125, -0.136717, 0.0563902, 0.0634565, 0.0170622)

[node name="Physical Bone Right arm" parent="untitled/Armature (Mecha g)/Skeleton3D" index="11"]
transform = Transform3D(0.244152, 0.872747, 0.42273, 0.543489, 0.237881, -0.805003, -0.803172, 0.426302, -0.416244, -0.105837, 1.64827, 0.367848)
joint_offset = Transform3D(1, 0, 0, 0, 1, 0, 0, 0, 1, -0.0712047, -0.0186096, 0.121282)
body_offset = Transform3D(0.95032, 0.196211, -0.241754, 0.00983111, -0.794957, -0.606584, -0.311241, 0.574067, -0.757364, 0.100639, 0.0594741, 0.0803761)

[node name="Physical Bone Right elbow" parent="untitled/Armature (Mecha g)/Skeleton3D" index="12"]
transform = Transform3D(0.173319, 0.910539, 0.375276, 0.483884, 0.253146, -0.837714, -0.857799, 0.326778, -0.396736, -0.218253, 1.87632, 0.481685)
joint_offset = Transform3D(1, 0, 0, 0, 1, 0, 0, 0, 1, -0.0359423, -0.284197, 0.212698)
body_offset = Transform3D(0.885355, -0.15787, -0.437287, -0.345867, -0.85218, -0.392584, -0.310685, 0.498812, -0.809107, 0.0799653, -0.171117, 0.302689)

[node name="Physical Bone Right wrist" parent="untitled/Armature (Mecha g)/Skeleton3D" index="13"]
transform = Transform3D(-0.788141, 0.611844, 0.0670858, -0.0320476, 0.0680401, -0.997177, -0.614733, -0.788025, -0.0339874, -0.403031, 1.96629, -0.0503569)
joint_offset = Transform3D(1, 0, 0, 0, 1, 0, 0, 0, 1, -0.0746708, -0.495362, 0.339325)
body_offset = Transform3D(0.609234, 0.313125, -0.728605, 0.127865, -0.945492, -0.299421, -0.782671, 0.08924, -0.616036, 0.447836, -0.357212, 0.1948)

[node name="Physical Bone Left leg" parent="untitled/Armature (Mecha g)/Skeleton3D" index="14"]
transform = Transform3D(0.97633, 0.0462982, -0.211512, 0.214975, -0.323814, 0.921387, -0.0258339, -0.945041, -0.326088, 0.141156, 0.726325, 0.054139)
joint_offset = Transform3D(1, 0, 0, 0, 1, 0, 0, 0, 1, 3.73274e-06, -8.64267e-07, 0.204055)
body_offset = Transform3D(0.989785, 0.142494, 0.0110902, 0.0839753, -0.516989, -0.851898, -0.115648, 0.844109, -0.523614, -0.00226657, 0.173833, 0.106847)

[node name="Physical Bone Left knee" parent="untitled/Armature (Mecha g)/Skeleton3D" index="15"]
transform = Transform3D(0.995902, -0.0380592, -0.0823219, 0.087996, 0.625235, 0.775487, 0.0219553, -0.779531, 0.626011, 0.200423, 0.38657, -0.00185266)
joint_offset = Transform3D(1, 0, 0, 0, 1, 0, 0, 0, 1, 0.02634, -0.0576191, 0.408584)
body_offset = Transform3D(0.962555, 0.240885, -0.124532, -0.190144, 0.272125, -0.943313, -0.193338, 0.931643, 0.307734, 0.0394078, 0.406111, -0.0669621)

[node name="Physical Bone Left ankle" parent="untitled/Armature (Mecha g)/Skeleton3D" index="16"]
transform = Transform3D(1.00003, -8.69855e-07, 9.49949e-07, 3.10934e-06, -0.718406, 0.695634, -5.55068e-07, -0.695635, -0.718409, 0.216537, 0.134377, -0.0206544)
joint_offset = Transform3D(1, 0, 0, 0, 1, 0, 0, 0, 1, -0.0691031, -0.224989, 0.21192)
body_offset = Transform3D(0.944075, 0.0127044, 0.329561, 0.303342, 0.358754, -0.882778, -0.129449, 0.933355, 0.33483, -0.0017438, 0.288756, 0.130092)

[node name="Physical Bone Left toe" parent="untitled/Armature (Mecha g)/Skeleton3D" index="17"]
transform = Transform3D(-1.00007, 1.44937e-07, 1.61435e-05, -6.57199e-06, 1.00002, -1.98409e-05, -5.34765e-06, -7.59959e-07, -1.0024, 0.216537, 0.0339391, 0.116631)
joint_offset = Transform3D(1, 0, 0, 0, 1, 0, 0, 0, 1, -0.0184747, 0.157775, 0.0219176)
body_offset = Transform3D(0.951459, -0.136089, -0.276971, -0.295486, -0.149979, -0.945764, 0.0869594, 0.979304, -0.183352, 0.04512, 0.0389328, -0.148885)

[node name="Physical Bone Right leg" parent="untitled/Armature (Mecha g)/Skeleton3D" index="18"]
transform = Transform3D(0.976329, -0.0462884, 0.211516, -0.214973, -0.323809, 0.921403, 0.025834, -0.945032, -0.326087, -0.14116, 0.726349, 0.0541412)
joint_offset = Transform3D(1, 0, 0, 0, 1, 0, 0, 0, 1, 4.67151e-06, 1.01589e-05, 0.204031)
body_offset = Transform3D(0.943185, -0.277532, 0.182965, 0.096756, -0.297391, -0.949874, 0.318028, 0.913574, -0.253612, -0.0373321, 0.193806, 0.0517337)

[node name="Physical Bone Right knee" parent="untitled/Armature (Mecha g)/Skeleton3D" index="19"]
transform = Transform3D(0.995895, 0.0380574, 0.0823224, -0.0879924, 0.625249, 0.775474, -0.0219577, -0.779529, 0.626013, -0.200434, 0.386568, -0.00186035)
joint_offset = Transform3D(1, 0, 0, 0, 1, 0, 0, 0, 1, 0.0415403, -0.05208, 0.306473)
body_offset = Transform3D(0.908562, -0.0533095, 0.414378, 0.409934, 0.305203, -0.859556, -0.0806435, 0.95082, 0.299143, -0.167514, 0.262297, -0.0388107)

[node name="Physical Bone Right ankle" parent="untitled/Armature (Mecha g)/Skeleton3D" index="20"]
transform = Transform3D(1.00003, 7.01286e-06, -9.66713e-07, -2.11247e-06, -0.718516, 0.695676, -3.50177e-06, -0.695719, -0.718427, -0.216536, 0.134225, -0.0206939)
joint_offset = Transform3D(1, 0, 0, 0, 1, 0, 0, 0, 1, 0.217364, -0.142478, 0.217169)
body_offset = Transform3D(0.963527, -0.230126, -0.136817, -0.116631, 0.0992395, -0.98826, 0.240971, 0.968239, 0.0687423, -0.212512, 0.25411, 0.0706456)

[node name="Physical Bone Right toe" parent="untitled/Armature (Mecha g)/Skeleton3D" index="21"]
transform = Transform3D(-1.00036, 4.35491e-05, -2.0396e-05, -1.2907e-06, 1.00024, 2.84612e-06, 2.61515e-06, -1.49757e-06, -1.00122, -0.216536, 0.0339572, 0.11665)
joint_offset = Transform3D(1, 0, 0, 0, 1, 0, 0, 0, 1, -0.183624, 0.134633, 0.00918084)
body_offset = Transform3D(0.963848, -0.0701923, 0.258685, 0.251497, -0.0945607, -0.964423, 0.0920097, 0.993283, -0.0735293, 0.184061, 0.0677661, -0.116158)

[node name="Physical Bone Spine001" parent="untitled/Armature (Mecha g)/Skeleton3D" index="22"]
transform = Transform3D(0.980815, 0.181972, -0.0700515, -0.109503, 0.811291, 0.574291, 0.161337, -0.555592, 0.815661, 0.0333454, 0.754761, -0.345432)
joint_offset = Transform3D(1, 0, 0, 0, 1, 0, 0, 0, 1, 1.81374e-06, -3.6742e-06, 0.168843)
body_offset = Transform3D(1.00001, -1.78069e-06, 1.34856e-06, -6.25849e-07, 2.5034e-06, -1.00001, 6.3777e-06, 0.999995, -2.95043e-06, -2.04146e-06, 0.168845, 4.17233e-06)

[node name="Physical Bone Spine002" parent="untitled/Armature (Mecha g)/Skeleton3D" index="23"]
transform = Transform3D(0.987732, 0.153297, -0.0293614, -0.152172, 0.987628, 0.0371498, 0.034694, -0.0322285, 0.998892, 0.0537785, 0.646897, -0.775885)
joint_offset = Transform3D(1, 0, 0, 0, 1, 0, 0, 0, 1, 7.91126e-07, 2.69954e-06, 0.293053)
body_offset = Transform3D(0.999987, 2.24682e-07, 7.58097e-07, -4.8615e-07, 2.27988e-06, -1.00001, 8.67201e-06, 0.999974, -1.48267e-06, -1.01328e-06, 0.293057, -2.26498e-06)

[node name="Physical Bone Spine003" parent="untitled/Armature (Mecha g)/Skeleton3D" index="24"]
transform = Transform3D(0.990355, 0.150135, -0.0175328, -0.151612, 0.983367, -0.101214, 0.00176748, 0.102712, 0.994831, 0.0656286, 0.654742, -1.25265)
joint_offset = Transform3D(1, 0, 0, 0, 1, 0, 0, 0, 1, -4.7526e-07, -3.2229e-06, 0.185019)
body_offset = Transform3D(1.00189, 1.01273e-06, 3.18512e-07, 0.000260491, -1.15409e-05, -1.00012, -0.00022225, 1.00005, 7.27177e-06, 4.17233e-07, 0.185041, 1.87755e-06)

[node name="SpringArm3D" type="SpringArm3D" parent="."]
spring_length = 7.0
margin = 0.02
script = ExtResource("2_3s06r")

[node name="Camera3D" type="Camera3D" parent="SpringArm3D"]
current = true

[editable path="untitled"]
