[gd_scene load_steps=10 format=3 uid="uid://btp5snpmod6i"]

[ext_resource type="Texture2D" uid="uid://d3uyn04t7gn5i" path="res://textures/Orange/texture_01.png" id="2_547ht"]
[ext_resource type="PackedScene" uid="uid://dynlqlpmlpa5p" path="res://ITEMS/coffee_cup.tscn" id="3_ln8wc"]
[ext_resource type="PackedScene" uid="uid://bqv7os70gkkry" path="res://animations/character_movement_2.tscn" id="3_pbcwd"]

[sub_resource type="Environment" id="Environment_cm4hq"]
volumetric_fog_enabled = true

[sub_resource type="CameraAttributesPractical" id="CameraAttributesPractical_ugn23"]

[sub_resource type="ImageTexture3D" id="ImageTexture3D_alsww"]

[sub_resource type="FogMaterial" id="FogMaterial_ush73"]
density = 3.4242
emission = Color(0.666667, 0.666667, 0.666667, 1)
density_texture = SubResource("ImageTexture3D_alsww")

[sub_resource type="ShaderMaterial" id="ShaderMaterial_1dirg"]

[sub_resource type="StandardMaterial3D" id="StandardMaterial3D_l1td8"]
albedo_texture = ExtResource("2_547ht")
uv1_triplanar = true

[node name="WorldEnvironment" type="WorldEnvironment"]
environment = SubResource("Environment_cm4hq")
camera_attributes = SubResource("CameraAttributesPractical_ugn23")

[node name="Node3D" type="Node3D" parent="."]

[node name="OmniLight3D" type="OmniLight3D" parent="Node3D"]
transform = Transform3D(1, 0, 0, 0, 1, 0, 0, 0, 1, 0, 0.97587, 0)
omni_range = 4.0

[node name="FogVolume" type="FogVolume" parent="Node3D"]
transform = Transform3D(1, 0, 0, 0, 1, 0, 0, 0, 1, -13, -1.02413, 0)
size = Vector3(7, 1, 5)
material = SubResource("FogMaterial_ush73")

[node name="OmniLight3D2" type="OmniLight3D" parent="Node3D"]
transform = Transform3D(1, 0, 0, 0, 1, 0, 0, 0, 1, -12, 0.97587, 0)
light_color = Color(0.145098, 1, 0.133333, 1)

[node name="CSGBox3D2" type="CSGBox3D" parent="Node3D"]
transform = Transform3D(1, 0, 0, 0, 1, 0, 0, 0, 1, -11, 0, 0)
material_override = SubResource("ShaderMaterial_1dirg")
material_overlay = SubResource("StandardMaterial3D_l1td8")
use_collision = true
collision_layer = 7
collision_mask = 3
size = Vector3(12, 8, 8)

[node name="CSGBox3D5" type="CSGBox3D" parent="Node3D/CSGBox3D2"]
transform = Transform3D(1, 0, 0, 0, 1, 0, 0, 0, 1, 1, 0, -4)
operation = 2
size = Vector3(2, 4, 4)

[node name="CSGBox3D2" type="CSGBox3D" parent="Node3D/CSGBox3D2"]
operation = 2
size = Vector3(8, 4, 6)

[node name="CSGBox3D3" type="CSGBox3D" parent="Node3D/CSGBox3D2"]
transform = Transform3D(1, 0, 0, 0, 1, 0, 0, 0, 1, 4, 0, -1)
operation = 2
size = Vector3(6, 4, 2)

[node name="CSGBox3D3" type="CSGBox3D" parent="Node3D"]
transform = Transform3D(1, 0, 0, 0, 1, 0, 0, 0, 1, -5, 0, -7)
material_override = SubResource("ShaderMaterial_1dirg")
material_overlay = SubResource("StandardMaterial3D_l1td8")
use_collision = true
collision_layer = 7
collision_mask = 3
size = Vector3(22, 8, 6)

[node name="CSGBox3D2" type="CSGBox3D" parent="Node3D/CSGBox3D3"]
transform = Transform3D(1, 0, 0, 0, 1, 0, 0, 0, 1, 1, 0, 1)
operation = 2
size = Vector3(16, 4, 4)

[node name="CSGBox3D" type="CSGBox3D" parent="Node3D"]
material_override = SubResource("ShaderMaterial_1dirg")
material_overlay = SubResource("StandardMaterial3D_l1td8")
use_collision = true
collision_layer = 7
collision_mask = 3
size = Vector3(12, 8, 8)

[node name="CSGBox3D2" type="CSGBox3D" parent="Node3D/CSGBox3D"]
operation = 2
size = Vector3(10, 4, 6)

[node name="CSGBox3D3" type="CSGBox3D" parent="Node3D/CSGBox3D"]
transform = Transform3D(1, 0, 0, 0, 1, 0, 0, 0, 1, -5, 0, -1)
operation = 2
size = Vector3(2, 4, 2)

[node name="CSGBox3D4" type="CSGBox3D" parent="Node3D/CSGBox3D"]
transform = Transform3D(1, 0, 0, 0, 1, 0, 0, 0, 1, 1, 0, -4)
operation = 2
size = Vector3(2, 4, 4)

[node name="coffee" parent="." instance=ExtResource("3_ln8wc")]
transform = Transform3D(1, 0, 0, 0, 1, 0, 0, 0, 1, -2.26213, -0.815835, -0.248327)

[node name="coffee2" parent="." instance=ExtResource("3_ln8wc")]
transform = Transform3D(1, 0, 0, 0, 1, 0, 0, 0, 1, -2.26213, -0.815835, 0.839926)

[node name="coffee3" parent="." instance=ExtResource("3_ln8wc")]
transform = Transform3D(1, 0, 0, 0, 1, 0, 0, 0, 1, -2.26213, -0.815835, 1.75728)

[node name="untitled" parent="." instance=ExtResource("3_pbcwd")]
transform = Transform3D(1, 0, 0, 0, 1, 0, 0, 0, 1, -0.994941, -0.833669, 1.44332)

[node name="Armature (Mecha g)" parent="untitled/untitled" index="0"]
transform = Transform3D(0.9953, 0.0140281, -0.0958289, -0.014087, 0.999899, 6.2449e-05, 0.0958203, 0.00128778, 0.995399, -0.0222374, -0.0447184, 0.00873195)

[node name="Skeleton3D" parent="untitled/untitled/Armature (Mecha g)" index="0"]
bones/1/rotation = Quaternion(0.727093, 0.00448737, 0.00839447, 0.686473)
bones/2/rotation = Quaternion(0.00251662, 0.017032, 0.0292321, 0.999424)
bones/3/rotation = Quaternion(0.102517, 0.00373752, 0.0125698, 0.994645)
bones/4/rotation = Quaternion(-0.115694, 0.00391666, 0.0125152, 0.993198)
bones/5/rotation = Quaternion(-0.0137681, 0.00261946, 0.0128494, 0.999819)
bones/6/rotation = Quaternion(-0.466065, -0.545658, -0.440367, 0.539553)
bones/7/rotation = Quaternion(-0.652108, 0.122373, -0.245302, 0.706828)
bones/8/rotation = Quaternion(-0.00330709, -0.0490706, -0.0942613, 0.994332)
bones/9/rotation = Quaternion(-0.0667328, 0.0161404, -0.103696, 0.992237)
bones/11/rotation = Quaternion(-0.489373, 0.53371, 0.505986, 0.468664)
bones/12/rotation = Quaternion(-0.627542, -0.0698951, 0.10318, 0.768543)
bones/13/rotation = Quaternion(-0.00013829, 0.0492871, 0.0112366, 0.998722)
bones/14/rotation = Quaternion(0.00130186, -0.128771, -0.00181708, 0.991672)
bones/16/rotation = Quaternion(-0.899342, -0.187646, -0.0385927, 0.393044)
bones/17/rotation = Quaternion(0.590214, 0.0450663, 0.0173821, 0.805801)
bones/18/rotation = Quaternion(-0.607735, -0.0263753, 0.0667128, 0.790893)
bones/19/rotation = Quaternion(-0.000178669, -0.932519, 0.361121, 0.000597614)
bones/21/rotation = Quaternion(-0.869035, 0.0955839, 0.00587342, 0.485394)
bones/22/rotation = Quaternion(0.608955, 0.03911, -0.0592528, 0.790021)
bones/23/rotation = Quaternion(-0.694409, 0.0162977, -0.00479632, 0.71938)
bones/24/rotation = Quaternion(-1.12125e-06, 0.926897, -0.375316, 3.63036e-06)

[node name="Physical Bone Hips" parent="untitled/untitled/Armature (Mecha g)/Skeleton3D" index="1"]
transform = Transform3D(-0.999488, 0.000105418, 0.000170504, -1.63311e-05, -0.0362493, -0.997894, -3.85419e-05, -1.0001, 0.0357125, -0.0027619, 0.973121, -0.014793)
joint_offset = Transform3D(1, 0, 0, 0, 1, 0, 0, 0, 1, -0.00275335, -0.000288806, 0.0589169)
body_offset = Transform3D(-0.999488, 0.000105411, 0.000170502, 3.85344e-05, 1.0001, -0.0357125, -1.63293e-05, -0.0362493, -0.997894, -0.00276196, 0.00239301, 0.0587823)

[node name="Physical Bone Spine" parent="untitled/untitled/Armature (Mecha g)/Skeleton3D" index="2"]
transform = Transform3D(0.999909, 0.0320035, -0.0108386, -0.00481502, -0.183318, -0.984233, -0.0332981, 0.98433, -0.183041, 0.00212651, 1.2518, 0.0209368)
joint_offset = Transform3D(1, 0, 0, 0, 1, 0, 0, 0, 1, 0.000131605, 4.81866e-06, 0.208349)
body_offset = Transform3D(1.0003, 0.0131216, -0.0134835, -0.0117199, -0.126604, -0.993059, -0.014595, 0.993647, -0.126444, 0.00267756, 0.206905, 0.0263416)

[node name="Physical Bone Chest" parent="untitled/untitled/Armature (Mecha g)/Skeleton3D" index="3"]
transform = Transform3D(0.986261, 0.130974, 0.103805, 0.150498, -0.426324, -0.892546, -0.0726703, 0.89578, -0.440193, -0.00515783, 1.54209, 0.101434)
joint_offset = Transform3D(1, 0, 0, 0, 1, 0, 0, 0, 1, -0.0016958, -0.0514001, 0.110468)
body_offset = Transform3D(0.996438, 0.0587953, 0.0655339, 0.0828543, -0.37514, -0.923829, -0.0297969, 0.925819, -0.378719, -0.00252753, 0.0829116, 0.0893729)

[node name="Physical Bone Neck" parent="untitled/untitled/Armature (Mecha g)/Skeleton3D" index="4"]
transform = Transform3D(0.979081, 0.0743606, 0.189028, 0.175539, -0.777846, -0.60287, 0.102175, 0.62363, -0.774659, -0.0328814, 1.68047, 0.207246)
joint_offset = Transform3D(1, 0, 0, 0, 1, 0, 0, 0, 1, -0.005128, -0.0975644, 0.163402)
body_offset = Transform3D(0.984517, -0.0300884, 0.172309, 0.122239, -0.585898, -0.800642, 0.125044, 0.809509, -0.573204, -0.0260425, 0.0742905, 0.173283)

[node name="Physical Bone Head" parent="untitled/untitled/Armature (Mecha g)/Skeleton3D" index="5"]
transform = Transform3D(0.947861, -0.0524263, 0.316573, 0.151946, -0.794886, -0.587167, 0.282725, 0.604076, -0.745252, -0.0802026, 1.78328, 0.328135)
joint_offset = Transform3D(1, 0, 0, 0, 1, 0, 0, 0, 1, -0.0172349, -0.196033, 0.185106)
body_offset = Transform3D(0.942014, -0.179385, 0.285868, 0.0523848, -0.758217, -0.649733, 0.333658, 0.626441, -0.704636, -0.0718458, -0.027463, 0.258986)

[node name="Physical Bone Left shoulder" parent="untitled/untitled/Armature (Mecha g)/Skeleton3D" index="6"]
transform = Transform3D(-0.177874, -0.315104, -0.932062, -0.406767, 0.886045, -0.221768, 0.896084, 0.3397, -0.285697, 0.081412, 1.6039, 0.144155)
joint_offset = Transform3D(1, 0, 0, 0, 1, 0, 0, 0, 1, -0.0966738, -0.0151599, 0.115745)
body_offset = Transform3D(0.892696, 0.294018, -0.341498, -0.323765, -0.109015, -0.939637, -0.313584, 0.949437, -0.00197885, 0.130284, 0.0758062, -0.015693)

[node name="Physical Bone Left arm" parent="untitled/untitled/Armature (Mecha g)/Skeleton3D" index="7"]
transform = Transform3D(-0.359721, 0.874627, -0.32462, -0.541098, 0.087802, 0.836128, 0.759977, 0.476406, 0.441778, 0.24009, 1.47483, 0.100231)
joint_offset = Transform3D(1, 0, 0, 0, 1, 0, 0, 0, 1, -0.140445, -0.0859226, 0.126613)
body_offset = Transform3D(0.8419, 0.0105245, 0.539346, 0.523074, 0.228037, -0.820974, -0.131716, 0.973413, 0.186451, 0.0508568, 0.197003, 0.0415322)

[node name="Physical Bone Left elbow" parent="untitled/untitled/Armature (Mecha g)/Skeleton3D" index="8"]
transform = Transform3D(-0.421565, 0.887233, -0.194766, -0.0101576, 0.209753, 0.977734, 0.919605, 0.413087, -0.078807, 0.304327, 1.26287, 0.0493196)
joint_offset = Transform3D(1, 0, 0, 0, 1, 0, 0, 0, 1, 0.0210596, -0.0157239, 0.0755607)
body_offset = Transform3D(0.987834, 0.0270622, 0.214272, 0.213855, 0.0976594, -0.972739, -0.0440848, 0.995766, 0.0893025, -0.0365684, 0.0705327, 0.00983793)

[node name="Physical Bone Left wrist" parent="untitled/untitled/Armature (Mecha g)/Skeleton3D" index="9"]
transform = Transform3D(-0.189299, 0.96897, -0.158657, 0.589885, 0.241316, 0.770531, 0.785075, 0.0522861, -0.617373, 0.363344, 1.07188, 0.142119)
joint_offset = Transform3D(1, 0, 0, 0, 1, 0, 0, 0, 1, 0.0277214, -0.0411986, 0.0586904)
body_offset = Transform3D(0.939512, -0.323524, -0.113134, -0.191003, -0.220374, -0.956509, 0.284563, 0.920129, -0.268944, -0.0327334, 0.0523537, 0.045804)

[node name="Physical Bone Right shoulder" parent="untitled/untitled/Armature (Mecha g)/Skeleton3D" index="10"]
transform = Transform3D(-0.564861, -0.321196, 0.760444, 0.256288, 0.806164, 0.531858, -0.784944, 0.494478, -0.373662, -0.078189, 1.51988, 0.162554)
joint_offset = Transform3D(1, 0, 0, 0, 1, 0, 0, 0, 1, 0.0986317, -0.022979, 0.144134)
body_offset = Transform3D(0.853973, -0.442132, 0.275039, 0.440954, 0.331993, -0.834173, 0.277808, 0.831791, 0.478832, -0.134031, 0.0843695, -0.0773029)

[node name="Physical Bone Right arm" parent="untitled/untitled/Armature (Mecha g)/Skeleton3D" index="11"]
transform = Transform3D(-0.314423, -0.732282, 0.60388, 0.111866, 0.603311, 0.789122, -0.94226, 0.316006, -0.107961, -0.345616, 1.38882, 0.255613)
joint_offset = Transform3D(1, 0, 0, 0, 1, 0, 0, 0, 1, 0.176393, -0.0511867, 0.271343)
body_offset = Transform3D(0.987965, -0.0413715, -0.146292, -0.148047, -0.483578, -0.862178, -0.0351591, 0.874369, -0.484033, -0.136693, 0.235307, 0.182297)

[node name="Physical Bone Right elbow" parent="untitled/untitled/Armature (Mecha g)/Skeleton3D" index="12"]
transform = Transform3D(-0.622976, -0.78191, -0.0257713, -0.605774, 0.462552, 0.639506, -0.496405, 0.41586, -0.757281, -0.358955, 1.22963, 0.402814)
joint_offset = Transform3D(1, 0, 0, 0, 1, 0, 0, 0, 1, 0.0694514, -0.216776, 0.274276)
body_offset = Transform3D(0.68943, -0.210605, 0.690455, 0.618978, -0.326981, -0.705683, 0.378196, 0.92033, -0.0915959, -0.282911, 0.079681, 0.198362)

[node name="Physical Bone Right wrist" parent="untitled/untitled/Armature (Mecha g)/Skeleton3D" index="13"]
transform = Transform3D(-0.725773, -0.682413, -0.0914718, -0.657522, 0.647878, 0.385226, -0.203585, 0.339747, -0.91853, -0.334488, 1.13209, 0.631406)
joint_offset = Transform3D(1, 0, 0, 0, 1, 0, 0, 0, 1, 0.119442, -0.28927, 0.452488)
body_offset = Transform3D(0.563501, 0.0423286, 0.825376, 0.714402, -0.527127, -0.460646, 0.415482, 0.849239, -0.327143, -0.428534, -0.029375, 0.344062)

[node name="Physical Bone Left leg" parent="untitled/untitled/Armature (Mecha g)/Skeleton3D" index="14"]
transform = Transform3D(0.948266, -0.257934, -0.184779, -0.261896, -0.965889, 0.00415327, -0.179358, 0.04431, -0.982724, 0.135576, 0.91325, 0.18821)
joint_offset = Transform3D(1, 0, 0, 0, 1, 0, 0, 0, 1, 7.4517e-05, -0.000270158, 0.204111)
body_offset = Transform3D(0.876946, -0.462135, 0.131557, 0.418868, 0.601474, -0.680737, 0.235545, 0.652758, 0.720554, -0.0270424, 0.139077, -0.146914)

[node name="Physical Bone Left knee" parent="untitled/untitled/Armature (Mecha g)/Skeleton3D" index="15"]
transform = Transform3D(0.97917, -0.0918087, 0.180764, -0.189054, -0.090934, 0.97757, -0.0733384, -0.99105, -0.106168, 0.132764, 0.732818, 0.432787)
joint_offset = Transform3D(1, 0, 0, 0, 1, 0, 0, 0, 1, 0.146145, 0.189014, -0.0575334)
body_offset = Transform3D(0.915304, 0.110232, 0.387111, 0.258754, 0.575345, -0.775659, -0.308478, 0.809756, 0.498085, -0.132331, -0.19119, -0.079316)

[node name="Physical Bone Left ankle" parent="untitled/untitled/Armature (Mecha g)/Skeleton3D" index="16"]
transform = Transform3D(0.958127, -0.281823, 0.0448919, -0.284565, -0.932001, 0.223267, -0.0211059, -0.226965, -0.97361, 0.0838811, 0.510554, 0.600729)
joint_offset = Transform3D(1, 0, 0, 0, 1, 0, 0, 0, 1, 0.253153, 0.274484, 0.504091)
body_offset = Transform3D(0.914703, -0.267728, 0.301822, 0.392794, 0.420456, -0.817576, 0.0919882, 0.866661, 0.490156, -0.310218, 0.197287, -0.508255)

[node name="Physical Bone Left toe" parent="untitled/untitled/Armature (Mecha g)/Skeleton3D" index="17"]
transform = Transform3D(-0.958974, 0.236675, -0.155299, 0.282441, 0.841567, -0.457898, 0.0223493, -0.482177, -0.874345, 0.0824135, 0.492788, 0.770847)
joint_offset = Transform3D(1, 0, 0, 0, 1, 0, 0, 0, 1, -0.36647, -0.0180517, 0.605172)
body_offset = Transform3D(0.915566, -0.399001, -0.0441119, -0.227274, -0.422602, -0.876048, 0.331647, 0.811757, -0.478393, 0.35502, 0.439242, 0.425702)

[node name="Physical Bone Right leg" parent="untitled/untitled/Armature (Mecha g)/Skeleton3D" index="18"]
transform = Transform3D(0.900526, -0.256995, 0.352113, -0.253442, -0.966199, -0.0567616, 0.354781, -0.0384666, -0.934674, -0.170012, 0.925317, 0.178246)
joint_offset = Transform3D(1, 0, 0, 0, 1, 0, 0, 0, 1, 2.08691e-05, -0.000628158, 0.204004)
body_offset = Transform3D(0.96703, -0.158934, 0.201552, 0.239911, 0.83857, -0.489845, -0.0913413, 0.522117, 0.848675, -0.0412374, 0.100452, -0.172803)

[node name="Physical Bone Right knee" parent="untitled/untitled/Armature (Mecha g)/Skeleton3D" index="19"]
transform = Transform3D(0.972345, 0.232095, -0.0290333, -0.011778, 0.174075, 0.984412, 0.233311, -0.957113, 0.172136, -0.240546, 0.746526, 0.34175)
joint_offset = Transform3D(1, 0, 0, 0, 1, 0, 0, 0, 1, 0.0384998, 0.125675, -0.200548)
body_offset = Transform3D(0.999703, -0.0117096, 0.0221479, 0.0248512, 0.542711, -0.839468, -0.0017381, 0.839978, 0.542535, -0.0325751, -0.237515, 0.00330722)

[node name="Physical Bone Right ankle" parent="untitled/untitled/Armature (Mecha g)/Skeleton3D" index="20"]
transform = Transform3D(0.959504, -0.0885087, 0.26852, -0.136259, -0.976578, 0.164968, 0.247951, -0.195191, -0.94883, -0.272338, 0.529744, 0.444349)
joint_offset = Transform3D(1, 0, 0, 0, 1, 0, 0, 0, 1, 0.0736978, 0.323671, 0.485924)
body_offset = Transform3D(0.987972, -0.156961, -0.0047133, 0.0871992, 0.572887, -0.81455, 0.130388, 0.804239, 0.579726, -0.0197174, 0.203956, -0.551621)

[node name="Physical Bone Right toe" parent="untitled/untitled/Armature (Mecha g)/Skeleton3D" index="21"]
transform = Transform3D(-0.958893, 0.250246, 0.131315, 0.136392, 0.815148, -0.560974, -0.247663, -0.519821, -0.817421, -0.315547, 0.523713, 0.609048)
joint_offset = Transform3D(1, 0, 0, 0, 1, 0, 0, 0, 1, -0.0987638, -0.0756837, 0.657249)
body_offset = Transform3D(0.987304, -0.109328, 0.112591, 0.0281887, -0.581162, -0.813073, 0.154439, 0.804736, -0.571269, 0.0152353, 0.493191, 0.451624)

[node name="Physical Bone Spine001" parent="untitled/untitled/Armature (Mecha g)/Skeleton3D" index="22"]
transform = Transform3D(0.980906, 0.182002, -0.0700786, -0.10966, 0.811428, 0.57431, 0.161298, -0.555715, 0.81578, 0.0332626, 0.754228, -0.345411)
joint_offset = Transform3D(1, 0, 0, 0, 1, 0, 0, 0, 1, 2.33833e-05, 0.000463798, 0.169108)
body_offset = Transform3D(1.00011, -7.03335e-06, -8.21054e-06, 0.000127465, 2.48551e-05, -1.00012, -8.35806e-05, 1.00018, -5.94258e-05, -2.19941e-05, 0.169129, -0.00045383)

[node name="Physical Bone Spine002" parent="untitled/untitled/Armature (Mecha g)/Skeleton3D" index="23"]
transform = Transform3D(0.987816, 0.153243, -0.029213, -0.152167, 0.987741, 0.036948, 0.0347034, -0.0323148, 0.991689, 0.0537663, 0.645041, -0.775756)
joint_offset = Transform3D(1, 0, 0, 0, 1, 0, 0, 0, 1, -0.000252133, 0.00182521, 0.295121)
body_offset = Transform3D(1.00007, -7.25035e-05, -7.21812e-05, -7.89762e-06, 8.14982e-05, -0.992807, 2.61166e-05, 1.00008, 5.30481e-05, 0.000273585, 0.292998, -0.00184101)

[node name="Physical Bone Spine003" parent="untitled/untitled/Armature (Mecha g)/Skeleton3D" index="24"]
transform = Transform3D(0.989385, 0.150247, -0.0174451, -0.151175, 0.983666, -0.100684, 0.00226941, 0.102795, 0.990399, 0.0658117, 0.654646, -1.25371)
joint_offset = Transform3D(1, 0, 0, 0, 1, 0, 0, 0, 1, -0.000193759, 0.000156731, 0.186909)
body_offset = Transform3D(1.00087, 6.61388e-05, -2.10851e-06, -0.000211515, -6.29202e-05, -0.995656, 0.000113426, 1.00037, 8.54284e-05, 0.000194311, 0.186097, -0.000172734)

[node name="BoneAttachment3D" parent="untitled/untitled/Armature (Mecha g)/Skeleton3D" index="25"]
transform = Transform3D(-0.511371, 0.0637929, -0.856989, 0.0364516, -0.994733, -0.0957973, -0.858587, -0.0802266, 0.506353, -0.295166, 0.786348, 0.118554)

[node name="Area3D" parent="untitled/untitled" index="2"]
collision_layer = 7

[connection signal="animation_started" from="untitled/untitled/AnimationPlayer" to="untitled" method="_on_animation_player_animation_started"]
[connection signal="body_exited" from="untitled/untitled/Area3D" to="untitled/untitled/Armature (Mecha g)/Skeleton3D/BoneAttachment3D" method="_on_area_3d_body_exited"]

[editable path="coffee"]
[editable path="coffee2"]
[editable path="coffee3"]
[editable path="untitled"]
[editable path="untitled/untitled"]
