[gd_scene load_steps=10 format=3 uid="uid://btp5snpmod6i"]

[ext_resource type="Texture2D" uid="uid://d3uyn04t7gn5i" path="res://textures/Orange/texture_01.png" id="2_547ht"]
[ext_resource type="PackedScene" uid="uid://dynlqlpmlpa5p" path="res://ITEMS/coffee_cup.tscn" id="3_ln8wc"]
[ext_resource type="PackedScene" uid="uid://bqv7os70gkkry" path="res://animations/character_movement_2.tscn" id="3_pbcwd"]

[sub_resource type="Environment" id="Environment_cm4hq"]
volumetric_fog_enabled = true

[sub_resource type="CameraAttributesPractical" id="CameraAttributesPractical_ugn23"]

[sub_resource type="ImageTexture3D" id="ImageTexture3D_alsww"]

[sub_resource type="FogMaterial" id="FogMaterial_ush73"]
density = 3.4242
emission = Color(0.666667, 0.666667, 0.666667, 1)
density_texture = SubResource("ImageTexture3D_alsww")

[sub_resource type="ShaderMaterial" id="ShaderMaterial_1dirg"]

[sub_resource type="StandardMaterial3D" id="StandardMaterial3D_l1td8"]
albedo_texture = ExtResource("2_547ht")
uv1_triplanar = true

[node name="WorldEnvironment" type="WorldEnvironment"]
environment = SubResource("Environment_cm4hq")
camera_attributes = SubResource("CameraAttributesPractical_ugn23")

[node name="Node3D" type="Node3D" parent="."]

[node name="OmniLight3D" type="OmniLight3D" parent="Node3D"]
transform = Transform3D(1, 0, 0, 0, 1, 0, 0, 0, 1, 0, 0.97587, 0)
omni_range = 4.0

[node name="FogVolume" type="FogVolume" parent="Node3D"]
transform = Transform3D(1, 0, 0, 0, 1, 0, 0, 0, 1, -13, -1.02413, 0)
size = Vector3(7, 1, 5)
material = SubResource("FogMaterial_ush73")

[node name="OmniLight3D2" type="OmniLight3D" parent="Node3D"]
transform = Transform3D(1, 0, 0, 0, 1, 0, 0, 0, 1, -12, 0.97587, 0)
light_color = Color(0.145098, 1, 0.133333, 1)

[node name="CSGBox3D2" type="CSGBox3D" parent="Node3D"]
transform = Transform3D(1, 0, 0, 0, 1, 0, 0, 0, 1, -11, 0, 0)
material_override = SubResource("ShaderMaterial_1dirg")
material_overlay = SubResource("StandardMaterial3D_l1td8")
use_collision = true
collision_layer = 7
collision_mask = 3
size = Vector3(12, 8, 8)

[node name="CSGBox3D5" type="CSGBox3D" parent="Node3D/CSGBox3D2"]
transform = Transform3D(1, 0, 0, 0, 1, 0, 0, 0, 1, 1, 0, -4)
operation = 2
size = Vector3(2, 4, 4)

[node name="CSGBox3D2" type="CSGBox3D" parent="Node3D/CSGBox3D2"]
operation = 2
size = Vector3(8, 4, 6)

[node name="CSGBox3D3" type="CSGBox3D" parent="Node3D/CSGBox3D2"]
transform = Transform3D(1, 0, 0, 0, 1, 0, 0, 0, 1, 4, 0, -1)
operation = 2
size = Vector3(6, 4, 2)

[node name="CSGBox3D3" type="CSGBox3D" parent="Node3D"]
transform = Transform3D(1, 0, 0, 0, 1, 0, 0, 0, 1, -5, 0, -7)
material_override = SubResource("ShaderMaterial_1dirg")
material_overlay = SubResource("StandardMaterial3D_l1td8")
use_collision = true
collision_layer = 7
collision_mask = 3
size = Vector3(22, 8, 6)

[node name="CSGBox3D2" type="CSGBox3D" parent="Node3D/CSGBox3D3"]
transform = Transform3D(1, 0, 0, 0, 1, 0, 0, 0, 1, 1, 0, 1)
operation = 2
size = Vector3(16, 4, 4)

[node name="CSGBox3D" type="CSGBox3D" parent="Node3D"]
material_override = SubResource("ShaderMaterial_1dirg")
material_overlay = SubResource("StandardMaterial3D_l1td8")
use_collision = true
collision_layer = 7
collision_mask = 3
size = Vector3(12, 8, 8)

[node name="CSGBox3D2" type="CSGBox3D" parent="Node3D/CSGBox3D"]
operation = 2
size = Vector3(10, 4, 6)

[node name="CSGBox3D3" type="CSGBox3D" parent="Node3D/CSGBox3D"]
transform = Transform3D(1, 0, 0, 0, 1, 0, 0, 0, 1, -5, 0, -1)
operation = 2
size = Vector3(2, 4, 2)

[node name="CSGBox3D4" type="CSGBox3D" parent="Node3D/CSGBox3D"]
transform = Transform3D(1, 0, 0, 0, 1, 0, 0, 0, 1, 1, 0, -4)
operation = 2
size = Vector3(2, 4, 4)

[node name="coffee" parent="." instance=ExtResource("3_ln8wc")]
transform = Transform3D(1, 0, 0, 0, 1, 0, 0, 0, 1, -2.26213, -0.815835, -0.248327)

[node name="coffee2" parent="." instance=ExtResource("3_ln8wc")]
transform = Transform3D(1, 0, 0, 0, 1, 0, 0, 0, 1, -2.26213, -0.815835, 0.839926)

[node name="coffee3" parent="." instance=ExtResource("3_ln8wc")]
transform = Transform3D(1, 0, 0, 0, 1, 0, 0, 0, 1, -2.26213, -0.815835, 1.75728)

[node name="untitled" parent="." instance=ExtResource("3_pbcwd")]
transform = Transform3D(1, 0, 0, 0, 1, 0, 0, 0, 1, -0.994941, -0.833669, 1.44332)

[node name="Armature (Mecha g)" parent="untitled/untitled" index="0"]
transform = Transform3D(0.987858, -0.0895297, 0.126983, 0.0643014, 0.97959, 0.190437, -0.141441, -0.179959, 0.973453, 0.0708864, -0.0732457, 0.220532)

[node name="Skeleton3D" parent="untitled/untitled/Armature (Mecha g)" index="0"]
bones/1/rotation = Quaternion(0.73408, 0.0051361, -0.0103726, 0.678965)
bones/2/rotation = Quaternion(0.0233597, -0.012853, -0.00539463, 0.99963)
bones/3/rotation = Quaternion(0.187021, -0.00911167, 0.0421122, 0.981411)
bones/4/rotation = Quaternion(-0.0303312, -0.00850954, 0.042238, 0.998611)
bones/5/rotation = Quaternion(-6.68661e-09, -3.09299e-10, -5.09317e-10, 1)
bones/6/rotation = Quaternion(-0.420062, -0.575346, -0.353869, 0.606054)
bones/7/rotation = Quaternion(-0.803468, 0.12541, -0.0396554, 0.580637)
bones/8/rotation = Quaternion(-0.00512579, -0.048761, -0.146095, 0.988055)
bones/9/rotation = Quaternion(-0.0318528, -0.0460608, -0.00695157, 0.998407)
bones/11/rotation = Quaternion(-0.454764, 0.57237, 0.450108, 0.512821)
bones/12/rotation = Quaternion(-0.670561, -0.212791, 0.068767, 0.707346)
bones/13/rotation = Quaternion(-0.00225171, 0.048459, 0.182871, 0.981939)
bones/14/rotation = Quaternion(-0.118233, -0.131639, -0.036267, 0.983553)
bones/16/rotation = Quaternion(-0.825334, -0.144042, 0.0670358, 0.541832)
bones/17/rotation = Quaternion(0.67121, 0.102991, 0.0285199, 0.733523)
bones/18/rotation = Quaternion(-0.735737, 0.0179421, -0.0207309, 0.676712)
bones/19/rotation = Quaternion(-4.87661e-06, 0.926775, -0.375617, 1.6335e-05)
bones/21/rotation = Quaternion(-0.824818, 0.134507, 0.0397365, 0.547726)
bones/22/rotation = Quaternion(0.686281, 0.00182423, -0.025748, 0.726878)
bones/23/rotation = Quaternion(-0.752946, 0.0074944, -0.0340881, 0.657156)
bones/24/rotation = Quaternion(2.71335e-08, -0.926931, 0.375231, 3.37929e-08)

[node name="Physical Bone Hips" parent="untitled/untitled/Armature (Mecha g)/Skeleton3D" index="1"]
transform = Transform3D(-0.999502, 2.88337e-05, 0.000171358, -1.32564e-05, -0.0362283, -0.997894, -4.03374e-05, -0.999469, 0.0357053, -0.00243628, 0.978432, -0.0148672)
joint_offset = Transform3D(1, 0, 0, 0, 1, 0, 0, 0, 1, -0.00242649, -0.00017377, 0.0642342)
body_offset = Transform3D(-0.999502, 2.88337e-05, 0.000171358, 4.03374e-05, 0.999469, -0.0357053, -1.32564e-05, -0.0362283, -0.997894, -0.00243628, 0.00246727, 0.0640926)

[node name="Physical Bone Spine" parent="untitled/untitled/Armature (Mecha g)/Skeleton3D" index="2"]
transform = Transform3D(1.00001, 0.0320093, -0.010841, -0.00481089, -0.183322, -0.984206, -0.0332951, 0.984308, -0.183031, 0.00210774, 1.25189, 0.0209508)
joint_offset = Transform3D(1, 0, 0, 0, 1, 0, 0, 0, 1, 0.000151792, 5.83753e-06, 0.208439)
body_offset = Transform3D(0.999628, 0.0425129, 0.00981638, 0.0142351, -0.105291, -0.995483, -0.0410729, 0.995289, -0.10581, -0.0021981, 0.207496, 0.0220554)

[node name="Physical Bone Chest" parent="untitled/untitled/Armature (Mecha g)/Skeleton3D" index="3"]
transform = Transform3D(0.986284, 0.131037, 0.103807, 0.150523, -0.426263, -0.892554, -0.0726585, 0.895315, -0.440197, -0.00517678, 1.54274, 0.101403)
joint_offset = Transform3D(1, 0, 0, 0, 1, 0, 0, 0, 1, 0.00850147, -0.0416816, 0.109023)
body_offset = Transform3D(0.977585, 0.173806, 0.121742, 0.171184, -0.307026, -0.936756, -0.125358, 0.935941, -0.329953, -0.0143391, 0.0878757, 0.0760498)

[node name="Physical Bone Neck" parent="untitled/untitled/Armature (Mecha g)/Skeleton3D" index="4"]
transform = Transform3D(0.9791, 0.0743866, 0.189028, 0.175542, -0.777904, -0.602865, 0.102179, 0.623636, -0.77468, -0.0328854, 1.68047, 0.207239)
joint_offset = Transform3D(1, 0, 0, 0, 1, 0, 0, 0, 1, 0.02545, -0.0816215, 0.154204)
body_offset = Transform3D(0.990086, 0.0899864, 0.107387, 0.134215, -0.39021, -0.910494, -0.0400862, 0.916094, -0.398468, -0.0344124, 0.105137, 0.137239)

[node name="Physical Bone Head" parent="untitled/untitled/Armature (Mecha g)/Skeleton3D" index="5"]
transform = Transform3D(0.948057, -0.052415, 0.316578, 0.152002, -0.795228, -0.587175, 0.282875, 0.604343, -0.745299, -0.0803114, 1.78483, 0.328072)
joint_offset = Transform3D(1, 0, 0, 0, 1, 0, 0, 0, 1, 0.0250526, -0.148646, 0.162579)
body_offset = Transform3D(0.987039, -0.0595869, 0.155146, 0.11119, -0.456302, -0.883052, 0.123797, 0.888033, -0.443413, -0.0588089, 0.0729528, 0.200991)

[node name="Physical Bone Left shoulder" parent="untitled/untitled/Armature (Mecha g)/Skeleton3D" index="6"]
transform = Transform3D(-0.177881, -0.315118, -0.932175, -0.406773, 0.886074, -0.221779, 0.896071, 0.339711, -0.285732, 0.0813841, 1.60426, 0.144146)
joint_offset = Transform3D(1, 0, 0, 0, 1, 0, 0, 0, 1, -0.0842931, -0.0190149, 0.0888668)
body_offset = Transform3D(0.912087, 0.257489, -0.319049, -0.337855, 0.0308327, -0.940584, -0.232378, 0.965701, 0.115272, 0.110132, 0.0556941, -0.0114691)

[node name="Physical Bone Left arm" parent="untitled/untitled/Armature (Mecha g)/Skeleton3D" index="7"]
transform = Transform3D(-0.359722, 0.874652, -0.324621, -0.541101, 0.0877936, 0.836116, 0.759971, 0.476398, 0.441776, 0.240079, 1.47512, 0.10017)
joint_offset = Transform3D(1, 0, 0, 0, 1, 0, 0, 0, 1, -0.139811, -0.0581435, 0.149905)
body_offset = Transform3D(0.911198, 0.307962, 0.273116, 0.326097, -0.135367, -0.935372, -0.251244, 0.941549, -0.223877, 0.10436, 0.177938, 0.0531785)

[node name="Physical Bone Left elbow" parent="untitled/untitled/Armature (Mecha g)/Skeleton3D" index="8"]
transform = Transform3D(-0.420074, 0.887233, -0.194795, -0.0105515, 0.209729, 0.977782, 0.907706, 0.413016, -0.0788329, 0.304296, 1.26331, 0.0493172)
joint_offset = Transform3D(1, 0, 0, 0, 1, 0, 0, 0, 1, -0.0474521, -0.101167, 0.10792)
body_offset = Transform3D(0.930341, 0.367429, -0.0111103, 0.0521726, -0.16168, -0.985545, -0.363658, 0.916846, -0.16969, 0.0825173, 0.0924794, 0.093811)

[node name="Physical Bone Left wrist" parent="untitled/untitled/Armature (Mecha g)/Skeleton3D" index="9"]
transform = Transform3D(-0.1893, 0.969361, -0.158661, 0.589891, 0.241429, 0.770541, 0.785061, 0.0523304, -0.617366, 0.363307, 1.07245, 0.142006)
joint_offset = Transform3D(1, 0, 0, 0, 1, 0, 0, 0, 1, -0.0782749, -0.136034, 0.169111)
body_offset = Transform3D(0.818513, 0.0972947, -0.566372, -0.525226, -0.27314, -0.805935, -0.233024, 0.9574, -0.17245, 0.173084, 0.0580244, 0.141162)

[node name="Physical Bone Right shoulder" parent="untitled/untitled/Armature (Mecha g)/Skeleton3D" index="10"]
transform = Transform3D(-0.564864, -0.32125, 0.760488, 0.256293, 0.806625, 0.531789, -0.784937, 0.494585, -0.373663, -0.0782654, 1.52164, 0.162546)
joint_offset = Transform3D(1, 0, 0, 0, 1, 0, 0, 0, 1, 0.0714634, -0.0246642, 0.154891)
body_offset = Transform3D(0.815334, -0.430717, 0.387575, 0.573596, 0.502183, -0.647376, 0.0842704, 0.748836, 0.656854, -0.128922, 0.0716678, -0.0892939)

[node name="Physical Bone Right arm" parent="untitled/untitled/Armature (Mecha g)/Skeleton3D" index="11"]
transform = Transform3D(-0.314444, -0.73228, 0.603837, 0.111871, 0.60333, 0.789221, -0.942204, 0.315993, -0.107797, -0.34571, 1.38896, 0.255629)
joint_offset = Transform3D(1, 0, 0, 0, 1, 0, 0, 0, 1, 0.173706, -0.0409965, 0.326016)
body_offset = Transform3D(0.969284, 0.191996, 0.150994, 0.219411, -0.413242, -0.883353, -0.107169, 0.890203, -0.442718, -0.209725, 0.232932, 0.199444)

[node name="Physical Bone Right elbow" parent="untitled/untitled/Armature (Mecha g)/Skeleton3D" index="12"]
transform = Transform3D(-0.622978, -0.781943, -0.0257729, -0.605785, 0.462592, 0.639511, -0.496413, 0.41587, -0.757288, -0.358966, 1.22988, 0.402835)
joint_offset = Transform3D(1, 0, 0, 0, 1, 0, 0, 0, 1, 0.0997866, -0.202323, 0.403867)
body_offset = Transform3D(0.701121, -0.127428, 0.699124, 0.651681, -0.287152, -0.693637, 0.291965, 0.948514, -0.114957, -0.378098, 0.157011, 0.2092)

[node name="Physical Bone Right wrist" parent="untitled/untitled/Armature (Mecha g)/Skeleton3D" index="13"]
transform = Transform3D(-0.725809, -0.682415, -0.0915211, -0.657584, 0.647895, 0.385252, -0.203581, 0.339751, -0.918544, -0.334537, 1.13222, 0.631097)
joint_offset = Transform3D(1, 0, 0, 0, 1, 0, 0, 0, 1, 0.126486, -0.248359, 0.584521)
body_offset = Transform3D(0.545015, 0.158355, 0.823737, 0.664947, -0.680381, -0.309119, 0.511337, 0.716167, -0.475836, -0.5111, -0.072399, 0.391326)

[node name="Physical Bone Left leg" parent="untitled/untitled/Armature (Mecha g)/Skeleton3D" index="14"]
transform = Transform3D(0.948294, -0.25794, -0.184779, -0.261906, -0.965916, 0.00415261, -0.179361, 0.0442969, -0.982726, 0.135602, 0.913312, 0.188216)
joint_offset = Transform3D(1, 0, 0, 0, 1, 0, 0, 0, 1, 6.66489e-05, -0.000204995, 0.204121)
body_offset = Transform3D(0.944195, -0.302559, 0.129786, 0.329282, 0.856412, -0.399231, 0.00976914, 0.420126, 0.907569, -0.0266171, 0.081645, -0.185168)

[node name="Physical Bone Left knee" parent="untitled/untitled/Armature (Mecha g)/Skeleton3D" index="15"]
transform = Transform3D(0.979172, -0.091809, 0.180768, -0.189055, -0.0909349, 0.977571, -0.0733381, -0.991042, -0.106174, 0.132666, 0.736734, 0.4328)
joint_offset = Transform3D(1, 0, 0, 0, 1, 0, 0, 0, 1, 0.0904966, 0.306095, -0.153754)
body_offset = Transform3D(0.99129, 0.052602, 0.120237, 0.00137952, 0.911344, -0.410655, -0.131306, 0.406876, 0.903604, -0.0873226, -0.342222, 0.0262728)

[node name="Physical Bone Left ankle" parent="untitled/untitled/Armature (Mecha g)/Skeleton3D" index="16"]
transform = Transform3D(0.958249, -0.281823, 0.0448962, -0.284618, -0.932092, 0.223282, -0.021096, -0.226973, -0.973544, 0.0838932, 0.510583, 0.600694)
joint_offset = Transform3D(1, 0, 0, 0, 1, 0, 0, 0, 1, 0.0813896, 0.323472, 0.742953)
body_offset = Transform3D(0.967278, -0.219284, 0.126355, 0.240422, 0.639936, -0.729515, 0.079146, 0.736297, 0.671938, -0.10167, 0.315426, -0.743832)

[node name="Physical Bone Left toe" parent="untitled/untitled/Armature (Mecha g)/Skeleton3D" index="17"]
transform = Transform3D(-0.95904, 0.236962, -0.155481, 0.282487, 0.842595, -0.458491, 0.0223295, -0.483122, -0.875976, 0.082406, 0.492814, 0.770858)
joint_offset = Transform3D(1, 0, 0, 0, 1, 0, 0, 0, 1, -0.150979, 0.0758309, 0.875426)
body_offset = Transform3D(0.968097, -0.244995, 0.0529843, -0.115906, -0.624517, -0.772933, 0.222285, 0.741269, -0.633632, 0.118356, 0.706504, 0.532046)

[node name="Physical Bone Right leg" parent="untitled/untitled/Armature (Mecha g)/Skeleton3D" index="18"]
transform = Transform3D(0.900527, -0.256995, 0.35212, -0.253447, -0.966206, -0.0567624, 0.35479, -0.0384648, -0.934683, -0.170044, 0.925754, 0.178358)
joint_offset = Transform3D(1, 0, 0, 0, 1, 0, 0, 0, 1, 0.000120856, -0.00021062, 0.204142)
body_offset = Transform3D(0.982336, -0.048043, 0.183642, 0.116353, 0.916903, -0.382824, -0.150128, 0.397569, 0.90585, -0.0376179, 0.0783293, -0.18482)

[node name="Physical Bone Right knee" parent="untitled/untitled/Armature (Mecha g)/Skeleton3D" index="19"]
transform = Transform3D(0.972432, 0.232096, -0.0290364, -0.0121043, 0.174078, 0.984485, 0.233632, -0.957107, 0.172141, -0.240544, 0.746539, 0.341744)
joint_offset = Transform3D(1, 0, 0, 0, 1, 0, 0, 0, 1, -0.0123613, 0.170526, -0.229953)
body_offset = Transform3D(0.987696, 0.00357663, -0.157352, -0.0990703, 0.791493, -0.603224, 0.122451, 0.611351, 0.781696, -0.0245842, -0.274908, 0.0770153)

[node name="Physical Bone Right ankle" parent="untitled/untitled/Armature (Mecha g)/Skeleton3D" index="20"]
transform = Transform3D(0.959524, -0.0885174, 0.26853, -0.136262, -0.976682, 0.164969, 0.247955, -0.195147, -0.948848, -0.272324, 0.529757, 0.444405)
joint_offset = Transform3D(1, 0, 0, 0, 1, 0, 0, 0, 1, -0.0378743, 0.272309, 0.623866)
body_offset = Transform3D(0.999691, -0.0291326, 0.0226366, 0.0365084, 0.703841, -0.709031, 0.00449423, 0.709637, 0.704555, 0.0316735, 0.252061, -0.632618)

[node name="Physical Bone Right toe" parent="untitled/untitled/Armature (Mecha g)/Skeleton3D" index="21"]
transform = Transform3D(-0.958921, 0.250243, 0.131315, 0.136385, 0.815232, -0.560885, -0.247654, -0.51979, -0.817319, -0.31556, 0.524784, 0.608938)
joint_offset = Transform3D(1, 0, 0, 0, 1, 0, 0, 0, 1, 0.0272976, 0.0503698, 0.769305)
body_offset = Transform3D(0.999051, -0.0366716, 0.00400606, -0.0229858, -0.703579, -0.709595, 0.0288405, 0.707841, -0.704489, -0.0285064, 0.581962, 0.505526)

[node name="Physical Bone Spine001" parent="untitled/untitled/Armature (Mecha g)/Skeleton3D" index="22"]
transform = Transform3D(0.980912, 0.182002, -0.0700786, -0.10966, 0.811427, 0.574326, 0.161298, -0.555695, 0.815786, 0.0333095, 0.754613, -0.345456)
joint_offset = Transform3D(1, 0, 0, 0, 1, 0, 0, 0, 1, 2.65858e-05, 0.000117731, 0.168925)
body_offset = Transform3D(1.00011, -3.63775e-06, -8.84943e-06, 0.000127893, 9.68575e-06, -1.00013, -8.1718e-05, 1.00017, -5.02765e-05, -2.50936e-05, 0.168948, -0.000109255)

[node name="Physical Bone Spine002" parent="untitled/untitled/Armature (Mecha g)/Skeleton3D" index="23"]
transform = Transform3D(0.987825, 0.153302, -0.0293836, -0.152169, 0.988084, 0.0372299, 0.0347036, -0.0322999, 0.99995, 0.0537443, 0.646735, -0.775801)
joint_offset = Transform3D(1, 0, 0, 0, 1, 0, 0, 0, 1, 6.52446e-06, 0.000158349, 0.292665)
body_offset = Transform3D(1.00008, -6.67907e-05, 2.99513e-06, -7.72625e-06, 5.55366e-05, -1.00107, 2.53692e-05, 1.00043, 3.91454e-05, -7.39098e-06, 0.292979, -0.000169873)

[node name="Physical Bone Spine003" parent="untitled/untitled/Armature (Mecha g)/Skeleton3D" index="24"]
transform = Transform3D(0.989416, 0.150242, -0.0174886, -0.151182, 0.983727, -0.100869, 0.00226813, 0.102801, 0.991791, 0.0658073, 0.654648, -1.25369)
joint_offset = Transform3D(1, 0, 0, 0, 1, 0, 0, 0, 1, -0.000186978, 0.000162722, 0.186624)
body_offset = Transform3D(1.0009, 5.2439e-05, -1.41636e-05, -0.000210367, -6.26147e-05, -0.997061, 0.000111248, 1.00043, 3.9652e-05, 0.000189781, 0.186075, -0.000170171)

[node name="BoneAttachment3D" parent="untitled/untitled/Armature (Mecha g)/Skeleton3D" index="25"]
transform = Transform3D(-0.578542, 0.00984688, -0.815593, 0.0615491, -0.996549, -0.0556916, -0.813327, -0.082419, 0.575939, -0.307822, 0.857082, -0.0371339)

[node name="Area3D" parent="untitled/untitled" index="2"]
collision_layer = 7

[connection signal="body_exited" from="untitled/untitled/Area3D" to="untitled/untitled/Armature (Mecha g)/Skeleton3D/BoneAttachment3D" method="_on_area_3d_body_exited"]

[editable path="coffee"]
[editable path="coffee2"]
[editable path="coffee3"]
[editable path="untitled"]
[editable path="untitled/untitled"]
