[gd_scene load_steps=10 format=3 uid="uid://btp5snpmod6i"]

[ext_resource type="Texture2D" uid="uid://d3uyn04t7gn5i" path="res://textures/Orange/texture_01.png" id="2_547ht"]
[ext_resource type="PackedScene" uid="uid://dynlqlpmlpa5p" path="res://ITEMS/coffee_cup.tscn" id="3_ln8wc"]
[ext_resource type="PackedScene" uid="uid://bqv7os70gkkry" path="res://animations/character_movement_2.tscn" id="3_pbcwd"]

[sub_resource type="Environment" id="Environment_cm4hq"]
volumetric_fog_enabled = true

[sub_resource type="CameraAttributesPractical" id="CameraAttributesPractical_ugn23"]

[sub_resource type="ImageTexture3D" id="ImageTexture3D_alsww"]

[sub_resource type="FogMaterial" id="FogMaterial_ush73"]
density = 3.4242
emission = Color(0.666667, 0.666667, 0.666667, 1)
density_texture = SubResource("ImageTexture3D_alsww")

[sub_resource type="ShaderMaterial" id="ShaderMaterial_1dirg"]

[sub_resource type="StandardMaterial3D" id="StandardMaterial3D_l1td8"]
albedo_texture = ExtResource("2_547ht")
uv1_triplanar = true

[node name="WorldEnvironment" type="WorldEnvironment"]
environment = SubResource("Environment_cm4hq")
camera_attributes = SubResource("CameraAttributesPractical_ugn23")

[node name="Node3D" type="Node3D" parent="."]

[node name="OmniLight3D" type="OmniLight3D" parent="Node3D"]
transform = Transform3D(1, 0, 0, 0, 1, 0, 0, 0, 1, 0, 0.97587, 0)
omni_range = 4.0

[node name="FogVolume" type="FogVolume" parent="Node3D"]
transform = Transform3D(1, 0, 0, 0, 1, 0, 0, 0, 1, -13, -1.02413, 0)
size = Vector3(7, 1, 5)
material = SubResource("FogMaterial_ush73")

[node name="OmniLight3D2" type="OmniLight3D" parent="Node3D"]
transform = Transform3D(1, 0, 0, 0, 1, 0, 0, 0, 1, -12, 0.97587, 0)
light_color = Color(0.145098, 1, 0.133333, 1)

[node name="CSGBox3D2" type="CSGBox3D" parent="Node3D"]
transform = Transform3D(1, 0, 0, 0, 1, 0, 0, 0, 1, -11, 0, 0)
material_override = SubResource("ShaderMaterial_1dirg")
material_overlay = SubResource("StandardMaterial3D_l1td8")
use_collision = true
collision_layer = 7
collision_mask = 3
size = Vector3(12, 8, 8)

[node name="CSGBox3D5" type="CSGBox3D" parent="Node3D/CSGBox3D2"]
transform = Transform3D(1, 0, 0, 0, 1, 0, 0, 0, 1, 1, 0, -4)
operation = 2
size = Vector3(2, 4, 4)

[node name="CSGBox3D2" type="CSGBox3D" parent="Node3D/CSGBox3D2"]
operation = 2
size = Vector3(8, 4, 6)

[node name="CSGBox3D3" type="CSGBox3D" parent="Node3D/CSGBox3D2"]
transform = Transform3D(1, 0, 0, 0, 1, 0, 0, 0, 1, 4, 0, -1)
operation = 2
size = Vector3(6, 4, 2)

[node name="CSGBox3D3" type="CSGBox3D" parent="Node3D"]
transform = Transform3D(1, 0, 0, 0, 1, 0, 0, 0, 1, -5, 0, -7)
material_override = SubResource("ShaderMaterial_1dirg")
material_overlay = SubResource("StandardMaterial3D_l1td8")
use_collision = true
collision_layer = 7
collision_mask = 3
size = Vector3(22, 8, 6)

[node name="CSGBox3D2" type="CSGBox3D" parent="Node3D/CSGBox3D3"]
transform = Transform3D(1, 0, 0, 0, 1, 0, 0, 0, 1, 1, 0, 1)
operation = 2
size = Vector3(16, 4, 4)

[node name="CSGBox3D" type="CSGBox3D" parent="Node3D"]
material_override = SubResource("ShaderMaterial_1dirg")
material_overlay = SubResource("StandardMaterial3D_l1td8")
use_collision = true
collision_layer = 7
collision_mask = 3
size = Vector3(12, 8, 8)

[node name="CSGBox3D2" type="CSGBox3D" parent="Node3D/CSGBox3D"]
operation = 2
size = Vector3(10, 4, 6)

[node name="CSGBox3D3" type="CSGBox3D" parent="Node3D/CSGBox3D"]
transform = Transform3D(1, 0, 0, 0, 1, 0, 0, 0, 1, -5, 0, -1)
operation = 2
size = Vector3(2, 4, 2)

[node name="CSGBox3D4" type="CSGBox3D" parent="Node3D/CSGBox3D"]
transform = Transform3D(1, 0, 0, 0, 1, 0, 0, 0, 1, 1, 0, -4)
operation = 2
size = Vector3(2, 4, 4)

[node name="coffee" parent="." instance=ExtResource("3_ln8wc")]
transform = Transform3D(1, 0, 0, 0, 1, 0, 0, 0, 1, -2.26213, -0.815835, -0.248327)

[node name="coffee2" parent="." instance=ExtResource("3_ln8wc")]
transform = Transform3D(1, 0, 0, 0, 1, 0, 0, 0, 1, -2.26213, -0.815835, 0.839926)

[node name="coffee3" parent="." instance=ExtResource("3_ln8wc")]
transform = Transform3D(1, 0, 0, 0, 1, 0, 0, 0, 1, -2.26213, -0.815835, 1.75728)

[node name="untitled" parent="." instance=ExtResource("3_pbcwd")]
transform = Transform3D(1, 0, 0, 0, 1, 0, 0, 0, 1, -0.994941, -0.833669, 1.44332)

[node name="Armature (Mecha g)" parent="untitled/untitled" index="0"]
transform = Transform3D(0.9953, 0.0140281, -0.0958289, -0.014087, 0.999899, 6.2449e-05, 0.0958203, 0.00128778, 0.995399, -0.0222374, -0.0447184, 0.00873195)

[node name="Skeleton3D" parent="untitled/untitled/Armature (Mecha g)" index="0"]
bones/1/rotation = Quaternion(0.727093, 0.00448737, 0.00839447, 0.686473)
bones/2/rotation = Quaternion(0.00251662, 0.017032, 0.0292321, 0.999424)
bones/3/rotation = Quaternion(0.102517, 0.00373752, 0.0125698, 0.994645)
bones/4/rotation = Quaternion(-0.115694, 0.00391666, 0.0125152, 0.993198)
bones/5/rotation = Quaternion(-0.0137681, 0.00261946, 0.0128494, 0.999819)
bones/6/rotation = Quaternion(-0.466065, -0.545658, -0.440367, 0.539553)
bones/7/rotation = Quaternion(-0.652108, 0.122373, -0.245302, 0.706828)
bones/8/rotation = Quaternion(-0.00330709, -0.0490706, -0.0942613, 0.994332)
bones/9/rotation = Quaternion(-0.0667328, 0.0161404, -0.103696, 0.992237)
bones/11/rotation = Quaternion(-0.489373, 0.53371, 0.505986, 0.468664)
bones/12/rotation = Quaternion(-0.627542, -0.0698951, 0.10318, 0.768543)
bones/13/rotation = Quaternion(-0.00013829, 0.0492871, 0.0112366, 0.998722)
bones/14/rotation = Quaternion(0.00130186, -0.128771, -0.00181708, 0.991672)
bones/16/rotation = Quaternion(-0.899342, -0.187646, -0.0385927, 0.393044)
bones/17/rotation = Quaternion(0.590214, 0.0450663, 0.0173821, 0.805801)
bones/18/rotation = Quaternion(-0.607735, -0.0263753, 0.0667128, 0.790893)
bones/19/rotation = Quaternion(-0.000178669, -0.932519, 0.361121, 0.000597614)
bones/21/rotation = Quaternion(-0.869035, 0.0955839, 0.00587342, 0.485394)
bones/22/rotation = Quaternion(0.608955, 0.03911, -0.0592528, 0.790021)
bones/23/rotation = Quaternion(-0.694409, 0.0162977, -0.00479632, 0.71938)
bones/24/rotation = Quaternion(-1.12125e-06, 0.926897, -0.375316, 3.63036e-06)

[node name="Physical Bone Hips" parent="untitled/untitled/Armature (Mecha g)/Skeleton3D" index="1"]
transform = Transform3D(-0.999488, 0.000104398, 0.000170332, -1.72867e-05, -0.0362445, -0.997894, -3.86387e-05, -1.0001, 0.0357123, -0.00282693, 0.977852, -0.0147855)
joint_offset = Transform3D(1, 0, 0, 0, 1, 0, 0, 0, 1, -0.00281754, -0.000112259, 0.0636509)
body_offset = Transform3D(-0.999488, 0.00010439, 0.00017033, 3.86313e-05, 1.0001, -0.0357123, -1.72848e-05, -0.0362445, -0.997894, -0.00282693, 0.0023855, 0.0635127)

[node name="Physical Bone Spine" parent="untitled/untitled/Armature (Mecha g)/Skeleton3D" index="2"]
transform = Transform3D(0.999911, 0.0320036, -0.0108386, -0.00481543, -0.18332, -0.984233, -0.0332982, 0.98433, -0.183042, 0.0021252, 1.25184, 0.0209341)
joint_offset = Transform3D(1, 0, 0, 0, 1, 0, 0, 0, 1, 0.000132961, 1.43163e-05, 0.208383)
body_offset = Transform3D(1.0003, 0.0131216, -0.0134835, -0.0117203, -0.126604, -0.993059, -0.0145951, 0.993647, -0.126444, 0.00267655, 0.20694, 0.0263364)

[node name="Physical Bone Chest" parent="untitled/untitled/Armature (Mecha g)/Skeleton3D" index="3"]
transform = Transform3D(0.986255, 0.130975, 0.103805, 0.150516, -0.426321, -0.892542, -0.072672, 0.895787, -0.440196, -0.00515813, 1.54231, 0.10143)
joint_offset = Transform3D(1, 0, 0, 0, 1, 0, 0, 0, 1, -0.00172813, -0.0513039, 0.110656)
body_offset = Transform3D(0.996433, 0.0587955, 0.0655338, 0.0828724, -0.375135, -0.923826, -0.0298002, 0.925827, -0.378721, -0.00251329, 0.0831241, 0.0893548)

[node name="Physical Bone Neck" parent="untitled/untitled/Armature (Mecha g)/Skeleton3D" index="4"]
transform = Transform3D(0.979079, 0.0743612, 0.189027, 0.175538, -0.777853, -0.602866, 0.102175, 0.623636, -0.774671, -0.0328814, 1.68047, 0.207246)
joint_offset = Transform3D(1, 0, 0, 0, 1, 0, 0, 0, 1, -0.00512783, -0.0975615, 0.1634)
body_offset = Transform3D(0.984515, -0.0300889, 0.172309, 0.122239, -0.585902, -0.800642, 0.125044, 0.809519, -0.573215, -0.0260425, 0.0742905, 0.173283)

[node name="Physical Bone Head" parent="untitled/untitled/Armature (Mecha g)/Skeleton3D" index="5"]
transform = Transform3D(0.947866, -0.052426, 0.316573, 0.15195, -0.794931, -0.587172, 0.282725, 0.604092, -0.745264, -0.0802655, 1.78337, 0.328103)
joint_offset = Transform3D(1, 0, 0, 0, 1, 0, 0, 0, 1, -0.0171786, -0.195938, 0.185153)
body_offset = Transform3D(0.94202, -0.179391, 0.285868, 0.0523889, -0.75826, -0.649739, 0.333658, 0.626459, -0.704646, -0.0718962, -0.0273712, 0.258946)

[node name="Physical Bone Left shoulder" parent="untitled/untitled/Armature (Mecha g)/Skeleton3D" index="6"]
transform = Transform3D(-0.177875, -0.315105, -0.932061, -0.406768, 0.886047, -0.221767, 0.896089, 0.339702, -0.285698, 0.0813904, 1.60413, 0.144155)
joint_offset = Transform3D(1, 0, 0, 0, 1, 0, 0, 0, 1, -0.0965816, -0.0153734, 0.115777)
body_offset = Transform3D(0.892701, 0.294019, -0.341498, -0.323766, -0.109015, -0.939637, -0.313584, 0.94944, -0.00197884, 0.130276, 0.0758424, -0.0154613)

[node name="Physical Bone Left arm" parent="untitled/untitled/Armature (Mecha g)/Skeleton3D" index="7"]
transform = Transform3D(-0.359721, 0.874626, -0.324621, -0.5411, 0.0877994, 0.836113, 0.759976, 0.476408, 0.44178, 0.24009, 1.47483, 0.100231)
joint_offset = Transform3D(1, 0, 0, 0, 1, 0, 0, 0, 1, -0.140446, -0.0859226, 0.126615)
body_offset = Transform3D(0.8419, 0.0105254, 0.539346, 0.523074, 0.228038, -0.82096, -0.131716, 0.973412, 0.186446, 0.0508568, 0.197003, 0.0415322)

[node name="Physical Bone Left elbow" parent="untitled/untitled/Armature (Mecha g)/Skeleton3D" index="8"]
transform = Transform3D(-0.421566, 0.887232, -0.19479, -0.010161, 0.209753, 0.977826, 0.919615, 0.413088, -0.0788443, 0.304314, 1.26292, 0.0493268)
joint_offset = Transform3D(1, 0, 0, 0, 1, 0, 0, 0, 1, 0.0210501, -0.0157254, 0.075497)
body_offset = Transform3D(0.987843, 0.0270629, 0.214267, 0.213859, 0.097659, -0.972841, -0.0440816, 0.995766, 0.0892948, -0.0365452, 0.0704806, 0.00984526)

[node name="Physical Bone Left wrist" parent="untitled/untitled/Armature (Mecha g)/Skeleton3D" index="9"]
transform = Transform3D(-0.1893, 0.968976, -0.158656, 0.589883, 0.241323, 0.770532, 0.785076, 0.0522905, -0.61738, 0.363315, 1.07198, 0.142132)
joint_offset = Transform3D(1, 0, 0, 0, 1, 0, 0, 0, 1, 0.0276515, -0.0411939, 0.0586228)
body_offset = Transform3D(0.939512, -0.323522, -0.113141, -0.191003, -0.220379, -0.956512, 0.284563, 0.920138, -0.268947, -0.0326734, 0.0522766, 0.0458019)

[node name="Physical Bone Right shoulder" parent="untitled/untitled/Armature (Mecha g)/Skeleton3D" index="10"]
transform = Transform3D(-0.564861, -0.321208, 0.760451, 0.25629, 0.806479, 0.53186, -0.784946, 0.494533, -0.373663, -0.078235, 1.51994, 0.162544)
joint_offset = Transform3D(1, 0, 0, 0, 1, 0, 0, 0, 1, 0.0985826, -0.0230301, 0.144135)
body_offset = Transform3D(0.853975, -0.442182, 0.27504, 0.440955, 0.331992, -0.83418, 0.27781, 0.832107, 0.478833, -0.134014, 0.08441, -0.0772404)

[node name="Physical Bone Right arm" parent="untitled/untitled/Armature (Mecha g)/Skeleton3D" index="11"]
transform = Transform3D(-0.314426, -0.732281, 0.60388, 0.111867, 0.603311, 0.789122, -0.94227, 0.316006, -0.10796, -0.34566, 1.38887, 0.255615)
joint_offset = Transform3D(1, 0, 0, 0, 1, 0, 0, 0, 1, 0.176373, -0.0512496, 0.27133)
body_offset = Transform3D(0.987976, -0.0413715, -0.146292, -0.148048, -0.483578, -0.862178, -0.03516, 0.874369, -0.484033, -0.136679, 0.235263, 0.182345)

[node name="Physical Bone Right elbow" parent="untitled/untitled/Armature (Mecha g)/Skeleton3D" index="12"]
transform = Transform3D(-0.622978, -0.781911, -0.0257729, -0.605779, 0.462551, 0.639508, -0.496409, 0.41586, -0.757288, -0.358962, 1.22988, 0.402835)
joint_offset = Transform3D(1, 0, 0, 0, 1, 0, 0, 0, 1, 0.0696068, -0.216906, 0.274127)
body_offset = Transform3D(0.689434, -0.210605, 0.690463, 0.618983, -0.326981, -0.705685, 0.378197, 0.92033, -0.0915967, -0.282945, 0.0794376, 0.198409)

[node name="Physical Bone Right wrist" parent="untitled/untitled/Armature (Mecha g)/Skeleton3D" index="13"]
transform = Transform3D(-0.725773, -0.682412, -0.0914717, -0.657524, 0.64788, 0.385227, -0.203585, 0.339749, -0.918529, -0.33449, 1.1321, 0.631412)
joint_offset = Transform3D(1, 0, 0, 0, 1, 0, 0, 0, 1, 0.119444, -0.289277, 0.452491)
body_offset = Transform3D(0.563501, 0.0423263, 0.825376, 0.714403, -0.52713, -0.460646, 0.415482, 0.849239, -0.327143, -0.428538, -0.029379, 0.344067)

[node name="Physical Bone Left leg" parent="untitled/untitled/Armature (Mecha g)/Skeleton3D" index="14"]
transform = Transform3D(0.948265, -0.257931, -0.184779, -0.261896, -0.965886, 0.00415372, -0.179357, 0.044318, -0.982726, 0.135588, 0.913297, 0.188211)
joint_offset = Transform3D(1, 0, 0, 0, 1, 0, 0, 0, 1, 7.5087e-05, -0.000222422, 0.204113)
body_offset = Transform3D(0.876946, -0.462135, 0.131557, 0.418868, 0.601479, -0.680738, 0.235545, 0.65275, 0.720554, -0.0270212, 0.13905, -0.146947)

[node name="Physical Bone Left knee" parent="untitled/untitled/Armature (Mecha g)/Skeleton3D" index="15"]
transform = Transform3D(0.979166, -0.0918078, 0.180764, -0.189055, -0.0909336, 0.977571, -0.0733378, -0.99105, -0.106169, 0.132696, 0.736578, 0.43284)
joint_offset = Transform3D(1, 0, 0, 0, 1, 0, 0, 0, 1, 0.146926, 0.189401, -0.0611918)
body_offset = Transform3D(0.915301, 0.110232, 0.387111, 0.258754, 0.575345, -0.775659, -0.308477, 0.809757, 0.498086, -0.131671, -0.194452, -0.0775667)

[node name="Physical Bone Left ankle" parent="untitled/untitled/Armature (Mecha g)/Skeleton3D" index="16"]
transform = Transform3D(0.958127, -0.281822, 0.0448923, -0.284565, -0.931999, 0.223267, -0.0211046, -0.226968, -0.973611, 0.0838757, 0.510565, 0.600731)
joint_offset = Transform3D(1, 0, 0, 0, 1, 0, 0, 0, 1, 0.253161, 0.274493, 0.504088)
body_offset = Transform3D(0.914703, -0.267728, 0.301822, 0.392794, 0.420451, -0.817577, 0.0919882, 0.866662, 0.490156, -0.310223, 0.19728, -0.508263)

[node name="Physical Bone Left toe" parent="untitled/untitled/Armature (Mecha g)/Skeleton3D" index="17"]
transform = Transform3D(-0.958975, 0.236668, -0.155304, 0.282442, 0.841604, -0.457911, 0.022347, -0.482233, -0.874389, 0.0824105, 0.492789, 0.770846)
joint_offset = Transform3D(1, 0, 0, 0, 1, 0, 0, 0, 1, -0.366472, -0.0180558, 0.605144)
body_offset = Transform3D(0.915566, -0.39901, -0.0441166, -0.227275, -0.422657, -0.876093, 0.331648, 0.811794, -0.478405, 0.355022, 0.439241, 0.425701)

[node name="Physical Bone Right leg" parent="untitled/untitled/Armature (Mecha g)/Skeleton3D" index="18"]
transform = Transform3D(0.900526, -0.256995, 0.352119, -0.253446, -0.966198, -0.0567612, 0.354791, -0.0384669, -0.934681, -0.170016, 0.925496, 0.178241)
joint_offset = Transform3D(1, 0, 0, 0, 1, 0, 0, 0, 1, 7.13822e-05, -0.000456482, 0.204009)
body_offset = Transform3D(0.967033, -0.158934, 0.201557, 0.23992, 0.83857, -0.48985, -0.091348, 0.522117, 0.848682, -0.041261, 0.100299, -0.172894)

[node name="Physical Bone Right knee" parent="untitled/untitled/Armature (Mecha g)/Skeleton3D" index="19"]
transform = Transform3D(0.972343, 0.232094, -0.0290333, -0.0117796, 0.174077, 0.984412, 0.233313, -0.957115, 0.172136, -0.240546, 0.746526, 0.341749)
joint_offset = Transform3D(1, 0, 0, 0, 1, 0, 0, 0, 1, 0.0385002, 0.125674, -0.200548)
body_offset = Transform3D(0.999702, -0.0117109, 0.0221479, 0.0248505, 0.54271, -0.839468, -0.00174117, 0.839981, 0.542535, -0.0325752, -0.237515, 0.00330743)

[node name="Physical Bone Right ankle" parent="untitled/untitled/Armature (Mecha g)/Skeleton3D" index="20"]
transform = Transform3D(0.959505, -0.0885099, 0.26852, -0.136259, -0.976592, 0.164967, 0.247951, -0.195192, -0.948832, -0.272338, 0.52975, 0.444349)
joint_offset = Transform3D(1, 0, 0, 0, 1, 0, 0, 0, 1, 0.0736979, 0.323671, 0.485923)
body_offset = Transform3D(0.987974, -0.156963, -0.00471371, 0.0871993, 0.572895, -0.814552, 0.130388, 0.804251, 0.579727, -0.0197167, 0.203953, -0.551625)

[node name="Physical Bone Right toe" parent="untitled/untitled/Armature (Mecha g)/Skeleton3D" index="21"]
transform = Transform3D(-0.958893, 0.250241, 0.131313, 0.136392, 0.815248, -0.560977, -0.247663, -0.519823, -0.817419, -0.315557, 0.524733, 0.609034)
joint_offset = Transform3D(1, 0, 0, 0, 1, 0, 0, 0, 1, -0.0989153, -0.0765139, 0.657808)
body_offset = Transform3D(0.987304, -0.109325, 0.112591, 0.0281889, -0.581162, -0.813073, 0.154439, 0.804838, -0.571269, 0.015231, 0.493167, 0.452643)

[node name="Physical Bone Spine001" parent="untitled/untitled/Armature (Mecha g)/Skeleton3D" index="22"]
transform = Transform3D(0.980905, 0.182, -0.0700782, -0.10966, 0.81143, 0.574307, 0.161298, -0.555715, 0.815777, 0.0332544, 0.754251, -0.345425)
joint_offset = Transform3D(1, 0, 0, 0, 1, 0, 0, 0, 1, 3.60077e-05, 0.000440102, 0.169107)
body_offset = Transform3D(1.00011, -8.74698e-06, -7.79331e-06, 0.00012733, 2.37226e-05, -1.00012, -8.37594e-05, 1.00018, -6.06179e-05, -3.46899e-05, 0.169126, -0.000429928)

[node name="Physical Bone Spine002" parent="untitled/untitled/Armature (Mecha g)/Skeleton3D" index="23"]
transform = Transform3D(0.987819, 0.153243, -0.0293337, -0.152167, 0.987741, 0.0371678, 0.0347035, -0.0323148, 0.99791, 0.0537658, 0.645048, -0.775754)
joint_offset = Transform3D(1, 0, 0, 0, 1, 0, 0, 0, 1, -0.00026947, 0.00181968, 0.293279)
body_offset = Transform3D(1.00007, -7.25796e-05, -9.045e-06, -7.86781e-06, 8.15094e-05, -0.999033, 2.61534e-05, 1.00008, 5.11184e-05, 0.000272274, 0.292996, -0.00183481)

[node name="Physical Bone Spine003" parent="untitled/untitled/Armature (Mecha g)/Skeleton3D" index="24"]
transform = Transform3D(0.989385, 0.150247, -0.0174452, -0.151175, 0.983667, -0.100684, 0.0022694, 0.102795, 0.990398, 0.0658034, 0.654666, -1.2537)
joint_offset = Transform3D(1, 0, 0, 0, 1, 0, 0, 0, 1, -0.00018256, 0.000137544, 0.186904)
body_offset = Transform3D(1.00087, 6.61397e-05, -2.11596e-06, -0.000211507, -6.29202e-05, -0.995656, 0.00011343, 1.00037, 8.54284e-05, 0.000183105, 0.186092, -0.000153542)

[node name="BoneAttachment3D" parent="untitled/untitled/Armature (Mecha g)/Skeleton3D" index="25"]
transform = Transform3D(-0.513012, -0.116682, -0.850414, -0.0250811, -0.988257, 0.150725, -0.858015, 0.0986532, 0.504061, -0.295165, 0.786348, 0.118554)

[node name="AnimationPlayer" parent="untitled/untitled" index="1"]
speed_scale = 2.0

[node name="Area3D" parent="untitled/untitled" index="2"]
collision_layer = 7

[connection signal="body_exited" from="untitled/untitled/Area3D" to="untitled/untitled/Armature (Mecha g)/Skeleton3D/BoneAttachment3D" method="_on_area_3d_body_exited"]

[editable path="coffee"]
[editable path="coffee2"]
[editable path="coffee3"]
[editable path="untitled"]
[editable path="untitled/untitled"]
