[gd_scene load_steps=25 format=3 uid="uid://btp5snpmod6i"]

[ext_resource type="Texture2D" uid="uid://d3uyn04t7gn5i" path="res://textures/Orange/texture_01.png" id="2_547ht"]
[ext_resource type="PackedScene" uid="uid://dynlqlpmlpa5p" path="res://ITEMS/coffee_cup.tscn" id="3_ln8wc"]
[ext_resource type="PackedScene" uid="uid://bqv7os70gkkry" path="res://animations/character_movement_2.tscn" id="3_pbcwd"]
[ext_resource type="PackedScene" uid="uid://cldcqubi7dtci" path="res://ITEMS/random_box.tscn" id="4_f1ch3"]
[ext_resource type="PackedScene" uid="uid://d3i4wdg83uyjt" path="res://ITEMS/fridge.tscn" id="5_b5jrv"]
[ext_resource type="PackedScene" uid="uid://0fuf0gmc4ihi" path="res://ITEMS/beer.tscn" id="6_bxryp"]
[ext_resource type="PackedScene" uid="uid://dcuhiv4750vv1" path="res://level/house/house_meshes_with_items.glb" id="7_kjfmu"]
[ext_resource type="PackedScene" uid="uid://dtg6rluri4kke" path="res://ITEMS/Tv.tscn" id="8_s2bro"]
[ext_resource type="PackedScene" uid="uid://dh8it4jsck1xu" path="res://ITEMS/cereal.tscn" id="9_qph82"]
[ext_resource type="ArrayMesh" uid="uid://mwuoj81teuen" path="res://ITEMS/bed.tres" id="9_vuf1r"]
[ext_resource type="PackedScene" uid="uid://o1cklxr0vrag" path="res://ITEMS/milk.tscn" id="10_veexa"]
[ext_resource type="PackedScene" uid="uid://b8ti0selmekbp" path="res://ITEMS/juice.tscn" id="11_v2hmo"]
[ext_resource type="PackedScene" uid="uid://c7h106y5e8s4n" path="res://ITEMS/pillow.tscn" id="12_piopk"]
[ext_resource type="PackedScene" uid="uid://2mhqxdcx2vry" path="res://sounds/sound.tscn" id="13_h1oml"]
[ext_resource type="PackedScene" uid="uid://d4itk2r2tkmh6" path="res://level/house/rain.tscn" id="14_om8kc"]
[ext_resource type="Script" path="res://test_volume.gd" id="15_vjyon"]
[ext_resource type="Script" path="res://bed_changer.gd" id="16_odhn7"]

[sub_resource type="Environment" id="Environment_cm4hq"]
ssil_enabled = true
volumetric_fog_enabled = true

[sub_resource type="CameraAttributesPractical" id="CameraAttributesPractical_ugn23"]

[sub_resource type="ShaderMaterial" id="ShaderMaterial_1dirg"]

[sub_resource type="StandardMaterial3D" id="StandardMaterial3D_l1td8"]
albedo_texture = ExtResource("2_547ht")
uv1_triplanar = true

[sub_resource type="StandardMaterial3D" id="StandardMaterial3D_h5r0s"]
emission_enabled = true
emission = Color(0.658824, 0.658824, 0.658824, 1)

[sub_resource type="BoxShape3D" id="BoxShape3D_lgqmg"]

[sub_resource type="BoxShape3D" id="BoxShape3D_krc2m"]
size = Vector3(3.78434, 1, 1.44255)

[node name="WorldEnvironment" type="WorldEnvironment"]
environment = SubResource("Environment_cm4hq")
camera_attributes = SubResource("CameraAttributesPractical_ugn23")

[node name="Node3D" type="Node3D" parent="."]

[node name="OmniLight3D" type="OmniLight3D" parent="Node3D"]
transform = Transform3D(1, 0, 0, 0, 1, 0, 0, 0, 1, 1.80311, 0.822952, 6.20459)
omni_range = 4.0

[node name="OmniLight3D5" type="OmniLight3D" parent="Node3D"]
transform = Transform3D(1, 0, 0, 0, 1, 0, 0, 0, 1, -8.15725, 0.605871, 1.76514)
omni_range = 4.0

[node name="OmniLight3D2" type="OmniLight3D" parent="Node3D"]
transform = Transform3D(1, 0, 0, 0, 1, 0, 0, 0, 1, 7.84718, 1.19513, 2.1032)
omni_range = 4.0

[node name="OmniLight3D4" type="OmniLight3D" parent="Node3D"]
transform = Transform3D(1, 0, 0, 0, 1, 0, 0, 0, 1, 5.16443, 0.914989, -11.7468)
omni_range = 4.0

[node name="OmniLight3D3" type="OmniLight3D" parent="Node3D"]
transform = Transform3D(1, 0, 0, 0, 1, 0, 0, 0, 1, -5.86017, 1.42423, -8.04165)
light_color = Color(0.980392, 1, 0.901961, 1)

[node name="CSGBox3D" type="CSGBox3D" parent="Node3D"]
transform = Transform3D(1, 0, 0, 0, 1, 0, 0, 0, 1, 0, 0, -3)
visible = false
material_override = SubResource("ShaderMaterial_1dirg")
material_overlay = SubResource("StandardMaterial3D_l1td8")
use_collision = true
collision_layer = 7
collision_mask = 3
size = Vector3(20, 8, 22)

[node name="CSGBox3D2" type="CSGBox3D" parent="Node3D/CSGBox3D"]
operation = 2
size = Vector3(18, 4, 20)

[node name="CSGBox3D3" type="CSGBox3D" parent="Node3D/CSGBox3D"]
transform = Transform3D(1, 0, 0, 0, 1, 0, 0, 0, 1, 0, 0, 3)
size = Vector3(8, 4, 2)

[node name="CSGBox3D7" type="CSGBox3D" parent="Node3D/CSGBox3D"]
transform = Transform3D(1, 0, 0, 0, 1, 0, 0, 0, 1, 1, 0, -2)
size = Vector3(6, 4, 2)

[node name="CSGBox3D9" type="CSGBox3D" parent="Node3D/CSGBox3D"]
transform = Transform3D(1, 0, 0, 0, 1, 0, 0, 0, 1, -3, 0, -2)
size = Vector3(2, 4, 2)

[node name="CSGBox3D10" type="CSGBox3D" parent="Node3D/CSGBox3D"]
transform = Transform3D(1, 0, 0, 0, 1, 0, 0, 0, 1, -8, 0, -2)
size = Vector3(2, 4, 2)

[node name="CSGBox3D8" type="CSGBox3D" parent="Node3D/CSGBox3D"]
transform = Transform3D(1, 0, 0, 0, 1, 0, 0, 0, 1, -1, 0, -7)
size = Vector3(2, 4, 8)

[node name="CSGBox3D6" type="CSGBox3D" parent="Node3D/CSGBox3D"]
transform = Transform3D(1, 0, 0, 0, 1, 0, 0, 0, 1, -11, 0, 3)
size = Vector3(10, 4, 2)

[node name="CSGBox3D4" type="CSGBox3D" parent="Node3D/CSGBox3D"]
transform = Transform3D(1, 0, 0, 0, 1, 0, 0, 0, 1, 0, 0, 8)
size = Vector3(2, 4, 4)

[node name="CSGBox3D5" type="CSGBox3D" parent="Node3D/CSGBox3D"]
transform = Transform3D(1, 0, 0, 0, 1, 0, 0, 0, 1, 9, 0, 3)
size = Vector3(6, 4, 2)

[node name="coffee" parent="." instance=ExtResource("3_ln8wc")]
unique_name_in_owner = true
transform = Transform3D(1, 0, 0, 0, 1, 0, 0, 0, 1, -2.26213, -0.815835, 1.75167)

[node name="coffee2" parent="." instance=ExtResource("3_ln8wc")]
transform = Transform3D(1, 0, 0, 0, 1, 0, 0, 0, 1, -2.26213, -0.815835, 0.839926)

[node name="Cube" parent="coffee2" index="1"]
transform = Transform3D(0.1, 0, 0, 0, 0.1, 0, 0, 0, 0.1, 9.41006, 0, 1.3)

[node name="coffee3" parent="." instance=ExtResource("3_ln8wc")]
transform = Transform3D(1, 0, 0, 0, 1, 0, 0, 0, 1, -2.26213, -0.815835, 1.75728)

[node name="untitled" parent="." instance=ExtResource("3_pbcwd")]
transform = Transform3D(1, 0, 0, 0, 1, 0, 0, 0, 1, 3.00506, -0.833669, 3.44332)

[node name="Armature (Mecha g)" parent="untitled/untitled" index="0"]
transform = Transform3D(0.994844, 0.00914838, -0.101015, -0.00890496, 0.999955, 0.00286066, 0.101036, -0.00194637, 0.994882, -0.0197568, -0.0416348, 0.0115021)

[node name="Physical Bone Hips" parent="untitled/untitled/Armature (Mecha g)/Skeleton3D" index="1"]
transform = Transform3D(-0.999489, 9.02712e-05, 0.000189788, -2.3265e-05, -0.0362475, -0.999649, -3.84673e-05, -1.00013, 0.0357443, 0.00149202, 0.671437, -0.0148277)
joint_offset = Transform3D(1, 0, 0, 0, 1, 0, 0, 0, 1, 0.00144572, -0.0110972, -0.242585)
body_offset = Transform3D(-0.999489, 9.02563e-05, 0.000189786, 3.84599e-05, 1.00013, -0.0357443, -2.32632e-05, -0.0362475, -0.999649, 0.00149202, 0.00242758, -0.242902)

[node name="Physical Bone Spine" parent="untitled/untitled/Armature (Mecha g)/Skeleton3D" index="2"]
transform = Transform3D(0.987351, 0.131734, -0.094311, -0.0229209, -0.464088, -0.887631, -0.160015, 0.878453, -0.454723, 0.0194268, 1.23152, 0.0773916)
joint_offset = Transform3D(1, 0, 0, 0, 1, 0, 0, 0, 1, 0.000192304, 9.05693e-05, 0.208126)
body_offset = Transform3D(1.00038, 0.00835735, -0.0128268, -0.00997684, -0.281887, -0.9613, -0.0114733, 0.961708, -0.281591, 0.00247645, 0.200099, 0.0585215)

[node name="Physical Bone Chest" parent="untitled/untitled/Armature (Mecha g)/Skeleton3D" index="3"]
transform = Transform3D(0.92284, 0.273039, -0.273491, 0.0970259, -0.850935, -0.5193, -0.373652, 0.453636, -0.810402, 0.0856099, 1.43712, 0.227196)
joint_offset = Transform3D(1, 0, 0, 0, 1, 0, 0, 0, 1, 0.00128992, -0.110018, 0.140783)
body_offset = Transform3D(0.996359, 0.0492951, 0.0742143, 0.0889714, -0.513414, -0.854513, -0.00410807, 0.859303, -0.515287, -0.00630999, 0.0637014, 0.167088)

[node name="Physical Bone Neck" parent="untitled/untitled/Armature (Mecha g)/Skeleton3D" index="4"]
transform = Transform3D(0.978586, -0.0680665, -0.194357, -0.0525724, -0.994813, 0.083774, -0.199117, -0.0717273, -0.977321, 0.105044, 1.45244, 0.363157)
joint_offset = Transform3D(1, 0, 0, 0, 1, 0, 0, 0, 1, -0.0175876, -0.156089, 0.238393)
body_offset = Transform3D(0.974958, -0.0472676, 0.217401, 0.0835915, -0.827554, -0.554757, 0.206185, 0.558883, -0.803075, -0.0420576, 0.00454855, 0.282309)

[node name="Physical Bone Head" parent="untitled/untitled/Armature (Mecha g)/Skeleton3D" index="5"]
transform = Transform3D(0.969303, -0.242508, -0.0542135, -0.236586, -0.966069, 0.103965, -0.0778007, -0.0878232, -0.99379, 0.103753, 1.4356, 0.514703)
joint_offset = Transform3D(1, 0, 0, 0, 1, 0, 0, 0, 1, -0.0649994, -0.294039, 0.298528)
body_offset = Transform3D(0.917794, -0.19926, 0.345571, -0.0836129, -0.942615, -0.323304, 0.390176, 0.267553, -0.881715, -0.102097, -0.186085, 0.367248)

[node name="Physical Bone Left shoulder" parent="untitled/untitled/Armature (Mecha g)/Skeleton3D" index="6"]
transform = Transform3D(0.138757, -0.180348, -0.973568, -0.893378, 0.401537, -0.201556, 0.427477, 0.897789, -0.105264, 0.205235, 1.47098, 0.253051)
joint_offset = Transform3D(1, 0, 0, 0, 1, 0, 0, 0, 1, -0.174465, -0.0454072, 0.143162)
body_offset = Transform3D(0.781033, 0.450159, -0.432744, -0.277565, -0.370722, -0.886133, -0.559517, 0.812222, -0.16444, 0.218656, 0.0616022, -0.0371935)

[node name="Physical Bone Left arm" parent="untitled/untitled/Armature (Mecha g)/Skeleton3D" index="7"]
transform = Transform3D(0.305065, 0.928505, 0.210832, -0.806019, 0.133957, 0.576398, 0.507052, -0.345809, 0.789453, 0.389997, 1.47276, 0.0738509)
joint_offset = Transform3D(1, 0, 0, 0, 1, 0, 0, 0, 1, -0.189987, -0.135766, 0.0405461)
body_offset = Transform3D(0.799279, 0.0767656, 0.595932, 0.57403, 0.195142, -0.79515, -0.177412, 0.977587, 0.111899, 0.138112, 0.167792, 0.0944803)

[node name="Physical Bone Left elbow" parent="untitled/untitled/Armature (Mecha g)/Skeleton3D" index="8"]
transform = Transform3D(0.166541, 0.928113, -0.338287, 0.131708, 0.320201, 0.938496, 0.989153, -0.19513, -0.0682811, 0.368772, 1.33264, -0.0406218)
joint_offset = Transform3D(1, 0, 0, 0, 1, 0, 0, 0, 1, -0.0505689, -0.0770144, 0.0341898)
body_offset = Transform3D(0.950995, 0.103035, 0.326033, 0.323618, 0.0766709, -0.944489, -0.119942, 0.992725, 0.0389682, 0.044879, 0.0545616, 0.0690565)

[node name="Physical Bone Left wrist" parent="untitled/untitled/Armature (Mecha g)/Skeleton3D" index="9"]
transform = Transform3D(0.157336, 0.669606, -0.726385, 0.561062, 0.545253, 0.623812, 0.814916, -0.504684, -0.289517, 0.492648, 1.18004, 0.0185115)
joint_offset = Transform3D(1, 0, 0, 0, 1, 0, 0, 0, 1, -0.04782, -0.0870176, 0.0691084)
body_offset = Transform3D(0.954935, -0.299421, 0.0420505, 0.031858, -0.0395548, -0.999011, 0.301192, 0.9535, -0.0283867, 0.0167041, 0.0671215, 0.099336)

[node name="Physical Bone Right shoulder" parent="untitled/untitled/Armature (Mecha g)/Skeleton3D" index="10"]
transform = Transform3D(-0.644047, -0.0111146, 0.765552, 0.657638, 0.50383, 0.560194, -0.392743, 0.862282, -0.317761, 0.0134072, 1.40265, 0.305238)
joint_offset = Transform3D(1, 0, 0, 0, 1, 0, 0, 0, 1, 0.169608, -0.0642882, 0.174498)
body_offset = Transform3D(0.875967, -0.456464, 0.158751, 0.417021, 0.545622, -0.726918, 0.245573, 0.701024, 0.668765, -0.205618, 0.0911928, -0.113282)

[node name="Physical Bone Right arm" parent="untitled/untitled/Armature (Mecha g)/Skeleton3D" index="11"]
transform = Transform3D(0.0808886, -0.954792, 0.286288, 0.8615, -0.0772439, -0.500945, 0.500551, 0.287209, 0.816174, -0.273673, 1.5449, -0.137059)
joint_offset = Transform3D(1, 0, 0, 0, 1, 0, 0, 0, 1, 0.247905, -0.0515588, 0.312487)
body_offset = Transform3D(0.0820966, -0.163918, -0.982532, -0.881772, 0.447175, -0.148398, 0.463696, 0.879345, -0.107959, 0.278225, 0.288024, -0.0358788)

[node name="Physical Bone Right elbow" parent="untitled/untitled/Armature (Mecha g)/Skeleton3D" index="12"]
transform = Transform3D(-0.0358671, -0.972895, -0.224508, 0.998895, -0.0455495, 0.0443581, -0.0495282, -0.223273, 0.964913, -0.166284, 1.63042, -0.255038)
joint_offset = Transform3D(1, 0, 0, 0, 1, 0, 0, 0, 1, -0.277147, 0.0614876, 0.350138)
body_offset = Transform3D(-0.0624669, 0.50083, -0.855662, -0.938654, 0.265481, 0.216509, 0.341402, 0.822885, 0.452099, 0.251493, -0.352277, -0.114276)

[node name="Physical Bone Right wrist" parent="untitled/untitled/Armature (Mecha g)/Skeleton3D" index="13"]
transform = Transform3D(-0.438779, -0.877761, 0.195564, 0.81296, -0.480212, -0.330741, 0.384252, 0.0137753, 0.923553, -0.462043, 1.87572, -0.10604)
joint_offset = Transform3D(1, 0, 0, 0, 1, 0, 0, 0, 1, -0.541434, 0.256607, 0.475455)
body_offset = Transform3D(-0.396299, 0.452356, -0.799565, -0.664768, 0.459923, 0.589294, 0.634122, 0.76492, 0.118376, 0.04951, -0.75813, 0.0907693)

[node name="Physical Bone Left leg" parent="untitled/untitled/Armature (Mecha g)/Skeleton3D" index="14"]
transform = Transform3D(0.948868, -0.308325, -0.0668077, -0.315542, -0.933748, -0.173829, -0.00865052, 0.186055, -0.98248, 0.111396, 0.949114, 0.188208)
joint_offset = Transform3D(1, 0, 0, 0, 1, 0, 0, 0, 1, 6.87689e-06, -0.000745751, 0.204044)
body_offset = Transform3D(0.876382, -0.463094, 0.131994, 0.422654, 0.608806, -0.671895, 0.230887, 0.645341, 0.728754, -0.0272839, 0.137547, -0.148218)

[node name="Physical Bone Left knee" parent="untitled/untitled/Armature (Mecha g)/Skeleton3D" index="15"]
transform = Transform3D(0.935186, 0.154549, 0.318365, -0.329716, 0.0528062, 0.942416, 0.129003, -0.986148, 0.10056, 0.0552001, 0.7709, 0.479026)
joint_offset = Transform3D(1, 0, 0, 0, 1, 0, 0, 0, 1, 0.147005, 0.192962, -0.0600209)
body_offset = Transform3D(0.915425, 0.114101, 0.385736, 0.256074, 0.574006, -0.777554, -0.310404, 0.810345, 0.496219, -0.133437, -0.195075, -0.0809513)

[node name="Physical Bone Left ankle" parent="untitled/untitled/Armature (Mecha g)/Skeleton3D" index="16"]
transform = Transform3D(0.911059, -0.260742, 0.318482, -0.353705, -0.891574, 0.281825, 0.210439, -0.369708, -0.904941, -0.0842125, 0.563597, 0.570134)
joint_offset = Transform3D(1, 0, 0, 0, 1, 0, 0, 0, 1, 0.253248, 0.278942, 0.50614)
body_offset = Transform3D(0.914698, -0.263605, 0.305425, 0.394275, 0.423887, -0.815078, 0.0854163, 0.86626, 0.492076, -0.312703, 0.194454, -0.512327)

[node name="Physical Bone Left toe" parent="untitled/untitled/Armature (Mecha g)/Skeleton3D" index="17"]
transform = Transform3D(-0.900922, 0.417109, 0.116013, 0.326724, 0.828595, -0.451351, -0.285284, -0.368071, -0.883454, -0.161234, 0.56463, 0.681682)
joint_offset = Transform3D(1, 0, 0, 0, 1, 0, 0, 0, 1, -0.367001, -0.0202785, 0.611065)
body_offset = Transform3D(0.915495, -0.398284, -0.0494949, -0.232933, -0.424604, -0.873288, 0.327732, 0.810621, -0.482271, 0.358156, 0.439539, 0.431415)

[node name="Physical Bone Right leg" parent="untitled/untitled/Armature (Mecha g)/Skeleton3D" index="18"]
transform = Transform3D(0.750563, -0.481865, 0.453241, -0.528866, -0.848953, -0.0266645, 0.397632, -0.220016, -0.891385, -0.190735, 0.919249, 0.169319)
joint_offset = Transform3D(1, 0, 0, 0, 1, 0, 0, 0, 1, -2.47862e-05, -0.000608429, 0.204)
body_offset = Transform3D(0.96722, -0.158627, 0.201082, 0.238901, 0.841855, -0.484821, -0.0925578, 0.517146, 0.851599, -0.0410933, 0.0994216, -0.173414)

[node name="Physical Bone Right knee" parent="untitled/untitled/Armature (Mecha g)/Skeleton3D" index="19"]
transform = Transform3D(0.893344, 0.439316, 0.0963045, -0.306569, 0.438969, 0.84418, 0.328562, -0.783925, 0.526855, -0.350411, 0.703095, 0.321069)
joint_offset = Transform3D(1, 0, 0, 0, 1, 0, 0, 0, 1, 0.0380268, 0.127464, -0.202121)
body_offset = Transform3D(0.999756, -0.00879669, 0.0204695, 0.0218664, 0.540519, -0.840945, -0.00321664, 0.841423, 0.540263, -0.032759, -0.239701, 0.00206971)

[node name="Physical Bone Right ankle" parent="untitled/untitled/Armature (Mecha g)/Skeleton3D" index="20"]
transform = Transform3D(0.884392, -0.0655754, 0.463766, -0.183873, -0.958723, 0.215299, 0.431153, -0.276032, -0.859163, -0.479314, 0.610039, 0.267769)
joint_offset = Transform3D(1, 0, 0, 0, 1, 0, 0, 0, 1, 0.0722634, 0.326061, 0.486791)
body_offset = Transform3D(0.989504, -0.151321, -0.0011065, 0.0866653, 0.574501, -0.813427, 0.123382, 0.804173, 0.581317, -0.0216265, 0.202384, -0.554105)

[node name="Physical Bone Right toe" parent="untitled/untitled/Armature (Mecha g)/Skeleton3D" index="21"]
transform = Transform3D(-0.879147, 0.379565, 0.287056, 0.179703, 0.821912, -0.538638, -0.440783, -0.421927, -0.79219, -0.55455, 0.610872, 0.405229)
joint_offset = Transform3D(1, 0, 0, 0, 1, 0, 0, 0, 1, -0.0973216, -0.076927, 0.660168)
body_offset = Transform3D(0.988232, -0.107773, 0.106053, 0.0236443, -0.581618, -0.812949, 0.149401, 0.804821, -0.572681, 0.0178728, 0.494242, 0.454518)

[node name="Physical Bone Spine001" parent="untitled/untitled/Armature (Mecha g)/Skeleton3D" index="22"]
transform = Transform3D(0.980906, 0.182001, -0.070027, -0.10966, 0.81143, 0.574338, 0.161298, -0.555714, 0.815777, 0.0332828, 0.754106, -0.345371)
joint_offset = Transform3D(1, 0, 0, 0, 1, 0, 0, 0, 1, -2.42218e-05, 0.000576604, 0.169146)
body_offset = Transform3D(1.00011, -7.77841e-06, 3.89367e-05, 0.000127628, 2.31862e-05, -1.00013, -8.3521e-05, 1.00018, -2.5928e-05, 1.7643e-05, 0.169168, -0.000572324)

[node name="Physical Bone Spine002" parent="untitled/untitled/Armature (Mecha g)/Skeleton3D" index="23"]
transform = Transform3D(0.987807, 0.153227, -0.0266765, -0.152167, 0.987314, 0.0319126, 0.0347024, -0.0322912, 0.848177, 0.0538206, 0.645079, -0.775767)
joint_offset = Transform3D(1, 0, 0, 0, 1, 0, 0, 0, 1, 0.000292894, 0.00176314, 0.345044)
body_offset = Transform3D(1.00006, -2.25115e-05, -0.00177955, -7.22706e-06, 7.33566e-05, -0.849194, 2.48479e-05, 0.999655, 9.38829e-05, 0.00032115, 0.293009, -0.00179493)

[node name="Physical Bone Spine003" parent="untitled/untitled/Armature (Mecha g)/Skeleton3D" index="24"]
transform = Transform3D(0.989283, 0.150663, -0.0194351, -0.151659, 0.985687, -0.07781, 0.00769254, 0.0803822, 0.992423, 0.0726814, 0.687958, -1.62214)
joint_offset = Transform3D(1, 0, 0, 0, 1, 0, 0, 0, 1, -0.000183626, 1.84944e-05, 0.186919)
body_offset = Transform3D(1.00087, 6.59609e-05, -1.46776e-06, -0.000210412, -6.34566e-05, -0.995658, 0.000113001, 1.00037, 8.54433e-05, 0.000184059, 0.186107, -3.44515e-05)

[node name="BoneAttachment3D" parent="untitled/untitled/Armature (Mecha g)/Skeleton3D" index="25"]
transform = Transform3D(-0.379107, 0.00336314, -0.925347, -0.274388, -0.955428, 0.108942, -0.883736, 0.295204, 0.363133, -0.355866, 0.909412, 0.204461)

[node name="Area3D" parent="untitled/untitled" index="2"]
collision_layer = 7

[node name="RigidBody3D" parent="." instance=ExtResource("4_f1ch3")]
transform = Transform3D(1, 0, 0, 0, 1, 0, 0, 0, 1, -5.55503, -0.693121, 3)

[node name="CSGCombiner3D" type="CSGCombiner3D" parent="."]

[node name="env_item_fridge" parent="." instance=ExtResource("5_b5jrv")]
transform = Transform3D(-0.00603879, 0, -0.999982, 0, 1, 0, 0.999982, 0, -0.00603879, -2.84274, -2, -11.4489)

[node name="Node3D2" parent="." instance=ExtResource("6_bxryp")]
transform = Transform3D(1, 0, 0, 0, 1, 0, 0, 0, 1, 2.63836, -2, 5.44145)

[node name="tv" parent="." instance=ExtResource("8_s2bro")]
transform = Transform3D(1, 0, 0, 0, 1, 0, 0, 0, 1, 7.25742, -0.574368, 5.24365)

[node name="tv2" parent="." instance=ExtResource("8_s2bro")]
transform = Transform3D(1, 0, 0, 0, 1, 0, 0, 0, 1, 8, -0.601321, -3.72968)

[node name="house_meshes_with_items" parent="." instance=ExtResource("7_kjfmu")]

[node name="defaultMaterial001" parent="house_meshes_with_items/Stylized bed" index="0"]
mesh = ExtResource("9_vuf1r")

[node name="Cylinder002__0001" parent="house_meshes_with_items/Low-Poly basic floor lamp/Cylinder002" index="1"]
surface_material_override/0 = SubResource("StandardMaterial3D_h5r0s")

[node name="Cylinder002__0003" parent="house_meshes_with_items/Low-Poly basic floor lamp/Cylinder002" index="3"]
layers = 4

[node name="ChamferBox02" parent="house_meshes_with_items/Office Computer/SANDALI" index="4"]
visible = false

[node name="CSGBox3D" type="CSGBox3D" parent="house_meshes_with_items"]
transform = Transform3D(1, 0, 0, 0, 1, 0, 0, 0, 1, 10.3823, 0, 0)
visible = false
use_collision = true
collision_layer = 7
collision_mask = 3
size = Vector3(1.24662, 1.14764, 5.079)

[node name="CSGBox3D2" type="CSGBox3D" parent="house_meshes_with_items"]
transform = Transform3D(1, 0, 0, 0, 1, 0, 0, 0, 1, -6.1813, -1.42578, -11.8297)
visible = false
use_collision = true
collision_layer = 7
collision_mask = 3
size = Vector3(4.3907, 1.14764, 2.19178)

[node name="CSGBox3D3" type="CSGBox3D" parent="house_meshes_with_items"]
transform = Transform3D(-4.37114e-08, 0, 1, 0, 1, 0, -1, 0, -4.37114e-08, -8.44788, -1.72071, -9.45698)
visible = false
use_collision = true
collision_layer = 7
collision_mask = 3
size = Vector3(6.78634, 1.74758, 1.66863)

[node name="CSGBox3D4" type="CSGBox3D" parent="house_meshes_with_items"]
transform = Transform3D(-4.37114e-08, 0, 1, 0, 1, 0, -1, 0, -4.37114e-08, -5.1678, -1.73009, 4.05715)
visible = false
use_collision = true
collision_layer = 7
collision_mask = 3
size = Vector3(1.73891, 1.74758, 3.28912)

[node name="CSGBox3D5" type="CSGBox3D" parent="house_meshes_with_items"]
transform = Transform3D(0.74353, 0, 0.668703, 0, 1, 0, -0.668703, 0, 0.74353, 5.4034, -1.73009, 3.73341)
visible = false
use_collision = true
collision_layer = 7
collision_mask = 3
size = Vector3(1.2489, 1.74758, 1.33577)

[node name="CSGBox3D6" type="CSGBox3D" parent="house_meshes_with_items"]
transform = Transform3D(0.454721, 0, 0.890634, 0, 1, 0, -0.890634, 0, 0.454721, 7.64734, -1.73009, 5.58611)
visible = false
use_collision = true
collision_layer = 7
collision_mask = 3
size = Vector3(2.37613, 1.74758, 1.33577)

[node name="CSGBox3D7" type="CSGBox3D" parent="house_meshes_with_items"]
transform = Transform3D(-0.0305211, 0, 0.999534, 0, 1, 0, -0.999534, 0, -0.0305211, 8.44035, -1.4779, -2.62766)
visible = false
use_collision = true
collision_layer = 7
collision_mask = 3
size = Vector3(2.37613, 1.74758, 1.33577)

[node name="CSGBox3D8" type="CSGBox3D" parent="house_meshes_with_items"]
transform = Transform3D(-0.0305211, 0, 0.999534, 0, 1, 0, -0.999534, 0, -0.0305211, 8.25434, -1.7807, -8.71927)
visible = false
use_collision = true
collision_layer = 7
collision_mask = 3
size = Vector3(3.35468, 1.74758, 1.33577)

[node name="CSGBox3D9" type="CSGBox3D" parent="house_meshes_with_items"]
transform = Transform3D(-0.0305211, 0, 0.999534, 0, 1, 0, -0.999534, 0, -0.0305211, 6.74582, -1.7807, -9.20256)
visible = false
use_collision = true
collision_layer = 7
collision_mask = 3
size = Vector3(1.16181, 1.74758, 1.33577)

[node name="CSGBox3D10" type="CSGBox3D" parent="house_meshes_with_items"]
transform = Transform3D(-0.0305211, 0, 0.999534, 0, 1, 0, -0.999534, 0, -0.0305211, 6.79772, -1.7807, -7.50303)
visible = false
use_collision = true
collision_layer = 7
collision_mask = 3
size = Vector3(0.667681, 1.74758, 1.33577)

[node name="CSGBox3D11" type="CSGBox3D" parent="house_meshes_with_items"]
transform = Transform3D(-0.0305211, 0, 0.999534, 0, 1, 0, -0.999534, 0, -0.0305211, 2.43196, -1.7807, -6.38301)
visible = false
use_collision = true
collision_layer = 7
collision_mask = 3
size = Vector3(0.954175, 3.02287, 2.88442)

[node name="CSGBox3D12" type="CSGBox3D" parent="house_meshes_with_items"]
transform = Transform3D(-0.0305211, 0, 0.999534, 0, 1, 0, -0.999534, 0, -0.0305211, 2.27033, -1.7807, -11.6761)
visible = false
use_collision = true
collision_layer = 7
collision_mask = 3
size = Vector3(1.99562, 1.13893, 4.32191)

[node name="cereal" parent="." instance=ExtResource("9_qph82")]
transform = Transform3D(0.456399, 0, 0.889775, 0, 1, 0, -0.889775, 0, 0.456399, -7.8167, -0.387366, -8.45286)

[node name="milk" parent="." instance=ExtResource("10_veexa")]
transform = Transform3D(1, 0, 0, 0, 1, 0, 0, 0, 1, -7.67444, 0, -7.72406)

[node name="RigidBody3D2" parent="." instance=ExtResource("11_v2hmo")]
transform = Transform3D(1, 0, 0, 0, 1, 0, 0, 0, 1, -5.27999, -0.198928, -11.1154)

[node name="pillow_1" parent="." instance=ExtResource("12_piopk")]
transform = Transform3D(1, 0, 0, 0, 1, 0, 0, 0, 1, 5.03464, -0.5771, 2.55401)

[node name="pillow_2" parent="." instance=ExtResource("12_piopk")]
transform = Transform3D(1, 0, 0, 0, 1, 0, 0, 0, 1, 3.93313, -0.717986, -11.4588)

[node name="Node3D3" parent="." instance=ExtResource("13_h1oml")]
transform = Transform3D(1, 0, 0, 0, 1, 0, 0, 0, 1, 4.90179, -2, -1.96846)

[node name="rain" parent="." instance=ExtResource("14_om8kc")]
transform = Transform3D(1, 0, 0, 0, 1, 0, 0, 0, 1, 3.75325, 0, 17.6641)

[node name="rain2" parent="." instance=ExtResource("14_om8kc")]
transform = Transform3D(1, 0, 0, 0, 1, 0, 0, 0, 1, 19.5577, 0, 4.20738)

[node name="rain3" parent="." instance=ExtResource("14_om8kc")]
transform = Transform3D(1, 0, 0, 0, 1, 0, 0, 0, 1, 22.4362, 0, -14.7986)

[node name="rain4" parent="." instance=ExtResource("14_om8kc")]
transform = Transform3D(1, 0, 0, 0, 1, 0, 0, 0, 1, 3.99052, 0, -23.0942)

[node name="Area3D" type="Area3D" parent="."]
script = ExtResource("15_vjyon")

[node name="CollisionShape3D" type="CollisionShape3D" parent="Area3D"]
transform = Transform3D(1, 0, 0, 0, 1, 0, 0, 0, 1, 5.95904, 0, 4.33785)
shape = SubResource("BoxShape3D_lgqmg")

[node name="bed_changer" type="Area3D" parent="."]
transform = Transform3D(1, 0, 0, 0, 1, 0, 0, 0, 1, 3.87786, 0, -10.3171)
script = ExtResource("16_odhn7")

[node name="CollisionShape3D" type="CollisionShape3D" parent="bed_changer"]
shape = SubResource("BoxShape3D_krc2m")

[connection signal="animation_started" from="untitled/untitled/AnimationPlayer" to="untitled" method="_on_animation_player_animation_started"]
[connection signal="body_exited" from="untitled/untitled/Area3D" to="untitled/untitled/Armature (Mecha g)/Skeleton3D/BoneAttachment3D" method="_on_area_3d_body_exited"]
[connection signal="body_entered" from="Area3D" to="Area3D" method="_on_body_entered"]
[connection signal="body_entered" from="bed_changer" to="bed_changer" method="_on_body_entered" flags=18]
[connection signal="body_exited" from="bed_changer" to="bed_changer" method="_on_body_exited" flags=18]

[editable path="coffee"]
[editable path="coffee2"]
[editable path="coffee3"]
[editable path="untitled"]
[editable path="untitled/untitled"]
[editable path="house_meshes_with_items"]
