[gd_scene load_steps=11 format=3 uid="uid://btp5snpmod6i"]

[ext_resource type="Texture2D" uid="uid://d3uyn04t7gn5i" path="res://textures/Orange/texture_01.png" id="2_547ht"]
[ext_resource type="PackedScene" uid="uid://dynlqlpmlpa5p" path="res://ITEMS/coffee_cup.tscn" id="3_ln8wc"]
[ext_resource type="PackedScene" uid="uid://bqv7os70gkkry" path="res://animations/character_movement_2.tscn" id="3_pbcwd"]
[ext_resource type="PackedScene" uid="uid://cldcqubi7dtci" path="res://ITEMS/random_box.tscn" id="4_f1ch3"]

[sub_resource type="Environment" id="Environment_cm4hq"]
volumetric_fog_enabled = true

[sub_resource type="CameraAttributesPractical" id="CameraAttributesPractical_ugn23"]

[sub_resource type="ImageTexture3D" id="ImageTexture3D_alsww"]

[sub_resource type="FogMaterial" id="FogMaterial_ush73"]
density = 3.4242
emission = Color(0.666667, 0.666667, 0.666667, 1)
density_texture = SubResource("ImageTexture3D_alsww")

[sub_resource type="ShaderMaterial" id="ShaderMaterial_1dirg"]

[sub_resource type="StandardMaterial3D" id="StandardMaterial3D_l1td8"]
albedo_texture = ExtResource("2_547ht")
uv1_triplanar = true

[node name="WorldEnvironment" type="WorldEnvironment"]
environment = SubResource("Environment_cm4hq")
camera_attributes = SubResource("CameraAttributesPractical_ugn23")

[node name="Node3D" type="Node3D" parent="."]

[node name="OmniLight3D" type="OmniLight3D" parent="Node3D"]
transform = Transform3D(1, 0, 0, 0, 1, 0, 0, 0, 1, 0, 0.97587, 0)
omni_range = 4.0

[node name="FogVolume" type="FogVolume" parent="Node3D"]
transform = Transform3D(1, 0, 0, 0, 1, 0, 0, 0, 1, -13, -1.02413, 0)
size = Vector3(7, 1, 5)
material = SubResource("FogMaterial_ush73")

[node name="OmniLight3D2" type="OmniLight3D" parent="Node3D"]
transform = Transform3D(1, 0, 0, 0, 1, 0, 0, 0, 1, -12, 0.97587, 0)
light_color = Color(0.145098, 1, 0.133333, 1)

[node name="CSGBox3D2" type="CSGBox3D" parent="Node3D"]
transform = Transform3D(1, 0, 0, 0, 1, 0, 0, 0, 1, -11, 0, 0)
material_override = SubResource("ShaderMaterial_1dirg")
material_overlay = SubResource("StandardMaterial3D_l1td8")
use_collision = true
collision_layer = 7
collision_mask = 3
size = Vector3(12, 8, 8)

[node name="CSGBox3D5" type="CSGBox3D" parent="Node3D/CSGBox3D2"]
transform = Transform3D(1, 0, 0, 0, 1, 0, 0, 0, 1, 1, 0, -4)
operation = 2
size = Vector3(2, 4, 4)

[node name="CSGBox3D2" type="CSGBox3D" parent="Node3D/CSGBox3D2"]
operation = 2
size = Vector3(8, 4, 6)

[node name="CSGBox3D3" type="CSGBox3D" parent="Node3D/CSGBox3D2"]
transform = Transform3D(1, 0, 0, 0, 1, 0, 0, 0, 1, 4, 0, -1)
operation = 2
size = Vector3(6, 4, 2)

[node name="CSGBox3D3" type="CSGBox3D" parent="Node3D"]
transform = Transform3D(1, 0, 0, 0, 1, 0, 0, 0, 1, -5, 0, -7)
material_override = SubResource("ShaderMaterial_1dirg")
material_overlay = SubResource("StandardMaterial3D_l1td8")
use_collision = true
collision_layer = 7
collision_mask = 3
size = Vector3(22, 8, 6)

[node name="CSGBox3D2" type="CSGBox3D" parent="Node3D/CSGBox3D3"]
transform = Transform3D(1, 0, 0, 0, 1, 0, 0, 0, 1, 1, 0, 1)
operation = 2
size = Vector3(16, 4, 4)

[node name="CSGBox3D" type="CSGBox3D" parent="Node3D"]
material_override = SubResource("ShaderMaterial_1dirg")
material_overlay = SubResource("StandardMaterial3D_l1td8")
use_collision = true
collision_layer = 7
collision_mask = 3
size = Vector3(12, 8, 8)

[node name="CSGBox3D2" type="CSGBox3D" parent="Node3D/CSGBox3D"]
operation = 2
size = Vector3(10, 4, 6)

[node name="CSGBox3D3" type="CSGBox3D" parent="Node3D/CSGBox3D"]
transform = Transform3D(1, 0, 0, 0, 1, 0, 0, 0, 1, -5, 0, -1)
operation = 2
size = Vector3(2, 4, 2)

[node name="CSGBox3D4" type="CSGBox3D" parent="Node3D/CSGBox3D"]
transform = Transform3D(1, 0, 0, 0, 1, 0, 0, 0, 1, 1, 0, -4)
operation = 2
size = Vector3(2, 4, 4)

[node name="coffee" parent="." instance=ExtResource("3_ln8wc")]
unique_name_in_owner = true
transform = Transform3D(1, 0, 0, 0, 1, 0, 0, 0, 1, -2.26213, -0.815835, -0.248327)

[node name="coffee2" parent="." instance=ExtResource("3_ln8wc")]
transform = Transform3D(1, 0, 0, 0, 1, 0, 0, 0, 1, -2.26213, -0.815835, 0.839926)

[node name="coffee3" parent="." instance=ExtResource("3_ln8wc")]
transform = Transform3D(1, 0, 0, 0, 1, 0, 0, 0, 1, -2.26213, -0.815835, 1.75728)

[node name="untitled" parent="." instance=ExtResource("3_pbcwd")]
transform = Transform3D(1, 0, 0, 0, 1, 0, 0, 0, 1, -0.994941, -0.833669, 1.44332)

[node name="Armature (Mecha g)" parent="untitled/untitled" index="0"]
transform = Transform3D(0.994844, 0.00914838, -0.101015, -0.00890496, 0.999955, 0.00286066, 0.101036, -0.00194637, 0.994882, -0.0197568, -0.0416348, 0.0115021)

[node name="Physical Bone Hips" parent="untitled/untitled/Armature (Mecha g)/Skeleton3D" index="1"]
transform = Transform3D(-0.999486, 9.35569e-05, 0.000170508, -2.39411e-05, -0.0362467, -0.997894, -3.83407e-05, -1.0001, 0.0357124, 0.00147527, 0.671485, -0.0147973)
joint_offset = Transform3D(1, 0, 0, 0, 1, 0, 0, 0, 1, 0.00143349, -0.0110731, -0.242964)
body_offset = Transform3D(-0.999486, 9.35495e-05, 0.000170506, 3.83332e-05, 1.0001, -0.0357124, -2.39392e-05, -0.0362467, -0.997894, 0.00147521, 0.0023973, -0.242854)

[node name="Physical Bone Spine" parent="untitled/untitled/Armature (Mecha g)/Skeleton3D" index="2"]
transform = Transform3D(0.999909, 0.0320036, -0.0108377, -0.00481507, -0.183318, -0.984113, -0.0332983, 0.98433, -0.183038, 0.00211972, 1.2517, 0.0209403)
joint_offset = Transform3D(1, 0, 0, 0, 1, 0, 0, 0, 1, 0.000137881, -1.39698e-05, 0.208269)
body_offset = Transform3D(1.00036, 0.0083206, -0.0128065, -0.00997255, -0.281691, -0.960575, -0.0114696, 0.961309, -0.281481, 0.00252938, 0.200055, 0.0586386)

[node name="Physical Bone Chest" parent="untitled/untitled/Armature (Mecha g)/Skeleton3D" index="3"]
transform = Transform3D(0.98626, 0.130974, 0.103804, 0.150498, -0.426324, -0.892543, -0.0726704, 0.895782, -0.440196, -0.00516331, 1.54209, 0.101438)
joint_offset = Transform3D(1, 0, 0, 0, 1, 0, 0, 0, 1, 0.00143882, -0.110246, 0.14072)
body_offset = Transform3D(0.996349, 0.0492305, 0.0742117, 0.0889553, -0.512776, -0.854505, -0.00410225, 0.857886, -0.515261, -0.00644916, 0.0635865, 0.167092)

[node name="Physical Bone Neck" parent="untitled/untitled/Armature (Mecha g)/Skeleton3D" index="4"]
transform = Transform3D(0.979079, 0.0743576, 0.18902, 0.175539, -0.777797, -0.602826, 0.102175, 0.623633, -0.77462, -0.0329025, 1.68042, 0.207257)
joint_offset = Transform3D(1, 0, 0, 0, 1, 0, 0, 0, 1, -0.0175985, -0.156168, 0.238423)
body_offset = Transform3D(0.974863, -0.0472664, 0.217419, 0.0835724, -0.827546, -0.55442, 0.206174, 0.558881, -0.802815, -0.0420631, 0.00442111, 0.282318)

[node name="Physical Bone Head" parent="untitled/untitled/Armature (Mecha g)/Skeleton3D" index="5"]
transform = Transform3D(0.947861, -0.0524249, 0.316568, 0.151931, -0.794864, -0.58707, 0.282722, 0.604071, -0.745231, -0.0801393, 1.7832, 0.32813)
joint_offset = Transform3D(1, 0, 0, 0, 1, 0, 0, 0, 1, -0.0649483, -0.294099, 0.298696)
body_offset = Transform3D(0.917737, -0.199233, 0.345403, -0.0836057, -0.94244, -0.323038, 0.390159, 0.267529, -0.881237, -0.102159, -0.186111, 0.367242)

[node name="Physical Bone Left shoulder" parent="untitled/untitled/Armature (Mecha g)/Skeleton3D" index="6"]
transform = Transform3D(-0.177874, -0.315102, -0.932061, -0.406766, 0.886045, -0.221768, 0.896084, 0.339701, -0.285697, 0.0814117, 1.6039, 0.144156)
joint_offset = Transform3D(1, 0, 0, 0, 1, 0, 0, 0, 1, -0.174478, -0.0453845, 0.143114)
body_offset = Transform3D(0.781012, 0.450155, -0.432738, -0.277557, -0.370724, -0.886136, -0.559507, 0.812211, -0.164447, 0.21863, 0.0615659, -0.0372252)

[node name="Physical Bone Left arm" parent="untitled/untitled/Armature (Mecha g)/Skeleton3D" index="7"]
transform = Transform3D(-0.35972, 0.874627, -0.324616, -0.541097, 0.0878021, 0.836187, 0.759975, 0.476406, 0.441777, 0.240085, 1.47453, 0.100238)
joint_offset = Transform3D(1, 0, 0, 0, 1, 0, 0, 0, 1, -0.190114, -0.13559, 0.0405755)
body_offset = Transform3D(0.799252, 0.0767649, 0.595892, 0.573991, 0.195141, -0.795076, -0.177415, 0.977585, 0.111883, 0.138179, 0.167843, 0.0942819)

[node name="Physical Bone Left elbow" parent="untitled/untitled/Armature (Mecha g)/Skeleton3D" index="8"]
transform = Transform3D(-0.421563, 0.887233, -0.194716, -0.0101566, 0.209753, 0.977497, 0.919605, 0.413087, -0.0787201, 0.304325, 1.26282, 0.0493168)
joint_offset = Transform3D(1, 0, 0, 0, 1, 0, 0, 0, 1, -0.0505827, -0.0770086, 0.0341863)
body_offset = Transform3D(0.950989, 0.102993, 0.326021, 0.323615, 0.0767355, -0.944355, -0.11994, 0.992635, 0.0389316, 0.0448895, 0.0545626, 0.0690436)

[node name="Physical Bone Left wrist" parent="untitled/untitled/Armature (Mecha g)/Skeleton3D" index="9"]
transform = Transform3D(-0.189299, 0.968959, -0.158659, 0.589884, 0.241304, 0.770532, 0.785074, 0.0522754, -0.617362, 0.363341, 1.07185, 0.142114)
joint_offset = Transform3D(1, 0, 0, 0, 1, 0, 0, 0, 1, -0.0479263, -0.087051, 0.0691102)
body_offset = Transform3D(0.953282, -0.299353, 0.0420669, 0.0317383, -0.0395814, -0.998727, 0.30064, 0.953238, -0.0283376, 0.016721, 0.0670978, 0.0993473)

[node name="Physical Bone Right shoulder" parent="untitled/untitled/Armature (Mecha g)/Skeleton3D" index="10"]
transform = Transform3D(-0.56486, -0.321193, 0.760426, 0.256304, 0.806076, 0.531834, -0.78495, 0.494462, -0.373658, -0.0766816, 1.51764, 0.162421)
joint_offset = Transform3D(1, 0, 0, 0, 1, 0, 0, 0, 1, 0.169595, -0.0642991, 0.1746)
body_offset = Transform3D(0.875666, -0.456429, 0.158735, 0.416948, 0.54561, -0.726895, 0.245494, 0.700998, 0.668687, -0.205572, 0.0912857, -0.113314)

[node name="Physical Bone Right arm" parent="untitled/untitled/Armature (Mecha g)/Skeleton3D" index="11"]
transform = Transform3D(-0.314424, -0.732282, 0.60388, 0.111866, 0.603309, 0.789125, -0.942268, 0.316006, -0.107961, -0.345602, 1.38881, 0.255612)
joint_offset = Transform3D(1, 0, 0, 0, 1, 0, 0, 0, 1, 0.247936, -0.0516787, 0.312473)
body_offset = Transform3D(0.0820971, -0.163913, -0.982532, -0.881764, 0.447174, -0.148397, 0.463678, 0.879345, -0.107957, 0.278189, 0.2881, -0.0357857)

[node name="Physical Bone Right elbow" parent="untitled/untitled/Armature (Mecha g)/Skeleton3D" index="12"]
transform = Transform3D(-0.62298, -0.781911, -0.0257709, -0.60578, 0.462552, 0.639509, -0.496411, 0.415861, -0.757283, -0.358956, 1.22963, 0.402823)
joint_offset = Transform3D(1, 0, 0, 0, 1, 0, 0, 0, 1, -0.277125, 0.061498, 0.350185)
body_offset = Transform3D(-0.0624631, 0.500779, -0.855495, -0.938638, 0.26545, 0.216485, 0.341403, 0.822822, 0.452079, 0.251475, -0.352255, -0.114302)

[node name="Physical Bone Right wrist" parent="untitled/untitled/Armature (Mecha g)/Skeleton3D" index="13"]
transform = Transform3D(-0.725773, -0.682414, -0.091473, -0.657522, 0.647878, 0.385225, -0.203585, 0.339747, -0.918536, -0.334491, 1.13207, 0.631409)
joint_offset = Transform3D(1, 0, 0, 0, 1, 0, 0, 0, 1, -0.541597, 0.256689, 0.475407)
body_offset = Transform3D(-0.396096, 0.452236, -0.799513, -0.664612, 0.459837, 0.589271, 0.633978, 0.764785, 0.118375, 0.0494863, -0.75813, 0.0907721)

[node name="Physical Bone Left leg" parent="untitled/untitled/Armature (Mecha g)/Skeleton3D" index="14"]
transform = Transform3D(0.948248, -0.257933, -0.184779, -0.26189, -0.965888, 0.00415307, -0.179358, 0.0443045, -0.982723, 0.135488, 0.912783, 0.18822)
joint_offset = Transform3D(1, 0, 0, 0, 1, 0, 0, 0, 1, 3.72194e-05, -0.000743933, 0.204106)
body_offset = Transform3D(0.876368, -0.463077, 0.131993, 0.422627, 0.608762, -0.671881, 0.230861, 0.645291, 0.728738, -0.0273176, 0.137572, -0.148268)

[node name="Physical Bone Left knee" parent="untitled/untitled/Armature (Mecha g)/Skeleton3D" index="15"]
transform = Transform3D(0.97917, -0.0918096, 0.180764, -0.189055, -0.0909345, 0.977571, -0.0733379, -0.99105, -0.106167, 0.132762, 0.732484, 0.432819)
joint_offset = Transform3D(1, 0, 0, 0, 1, 0, 0, 0, 1, 0.146996, 0.192974, -0.0599893)
body_offset = Transform3D(0.915408, 0.114119, 0.385734, 0.256073, 0.574006, -0.777541, -0.310401, 0.810169, 0.496217, -0.133444, -0.195054, -0.0809461)

[node name="Physical Bone Left ankle" parent="untitled/untitled/Armature (Mecha g)/Skeleton3D" index="16"]
transform = Transform3D(0.958124, -0.28182, 0.0448919, -0.284565, -0.932001, 0.223267, -0.0211063, -0.226965, -0.973607, 0.0838799, 0.510554, 0.600732)
joint_offset = Transform3D(1, 0, 0, 0, 1, 0, 0, 0, 1, 0.253236, 0.278955, 0.506152)
body_offset = Transform3D(0.914701, -0.263602, 0.305427, 0.394274, 0.423868, -0.815094, 0.0854058, 0.866262, 0.492048, -0.312695, 0.194477, -0.512327)

[node name="Physical Bone Left toe" parent="untitled/untitled/Armature (Mecha g)/Skeleton3D" index="17"]
transform = Transform3D(-0.958932, 0.236636, -0.155265, 0.28244, 0.841199, -0.45772, 0.0223548, -0.482091, -0.874048, 0.0824135, 0.492789, 0.770847)
joint_offset = Transform3D(1, 0, 0, 0, 1, 0, 0, 0, 1, -0.367005, -0.0202647, 0.611098)
body_offset = Transform3D(0.915526, -0.398284, -0.0494981, -0.232931, -0.424604, -0.873257, 0.327687, 0.810621, -0.482231, 0.35818, 0.439554, 0.43138)

[node name="Physical Bone Right leg" parent="untitled/untitled/Armature (Mecha g)/Skeleton3D" index="18"]
transform = Transform3D(0.900508, -0.256995, 0.352063, -0.253432, -0.966199, -0.0567822, 0.354764, -0.0384669, -0.934606, -0.17001, 0.925316, 0.178246)
joint_offset = Transform3D(1, 0, 0, 0, 1, 0, 0, 0, 1, 2.31341e-05, -0.000634789, 0.204019)
body_offset = Transform3D(0.967147, -0.158638, 0.201088, 0.238875, 0.841752, -0.484804, -0.0925495, 0.517063, 0.85158, -0.0411488, 0.099438, -0.173408)

[node name="Physical Bone Right knee" parent="untitled/untitled/Armature (Mecha g)/Skeleton3D" index="19"]
transform = Transform3D(0.972338, 0.232093, -0.0290307, -0.0117781, 0.174071, 0.984377, 0.233311, -0.957108, 0.172134, -0.240539, 0.746489, 0.341752)
joint_offset = Transform3D(1, 0, 0, 0, 1, 0, 0, 0, 1, 0.0380253, 0.127468, -0.202122)
body_offset = Transform3D(0.999763, -0.00879636, 0.0204779, 0.0218736, 0.540514, -0.840938, -0.00322005, 0.841421, 0.540254, -0.032756, -0.239702, 0.00206572)

[node name="Physical Bone Right ankle" parent="untitled/untitled/Armature (Mecha g)/Skeleton3D" index="20"]
transform = Transform3D(0.9595, -0.0885087, 0.268519, -0.136259, -0.976578, 0.164967, 0.24795, -0.195191, -0.94883, -0.272338, 0.529744, 0.444349)
joint_offset = Transform3D(1, 0, 0, 0, 1, 0, 0, 0, 1, 0.0723056, 0.326037, 0.486808)
body_offset = Transform3D(0.988858, -0.15132, -0.00110343, 0.0870737, 0.574499, -0.813428, 0.123552, 0.804171, 0.581318, -0.0216269, 0.20238, -0.554113)

[node name="Physical Bone Right toe" parent="untitled/untitled/Armature (Mecha g)/Skeleton3D" index="21"]
transform = Transform3D(-0.958894, 0.25025, 0.131315, 0.136391, 0.815061, -0.560978, -0.247662, -0.519818, -0.817422, -0.31555, 0.523703, 0.609092)
joint_offset = Transform3D(1, 0, 0, 0, 1, 0, 0, 0, 1, -0.0973259, -0.0768506, 0.66012)
body_offset = Transform3D(0.9882, -0.107771, 0.10605, 0.0236495, -0.58155, -0.812939, 0.14939, 0.804578, -0.572715, 0.0178896, 0.494246, 0.454432)

[node name="Physical Bone Spine001" parent="untitled/untitled/Armature (Mecha g)/Skeleton3D" index="22"]
transform = Transform3D(0.980906, 0.182001, -0.0700787, -0.10966, 0.811429, 0.574312, 0.161298, -0.555713, 0.815779, 0.0332923, 0.754129, -0.345362)
joint_offset = Transform3D(1, 0, 0, 0, 1, 0, 0, 0, 1, -2.46382e-05, 0.000566312, 0.169127)
body_offset = Transform3D(1.00011, -7.52509e-06, -8.64267e-06, 0.000127494, 2.30968e-05, -1.00012, -8.3521e-05, 1.00018, -5.75781e-05, 2.61068e-05, 0.169148, -0.000556678)

[node name="Physical Bone Spine002" parent="untitled/untitled/Armature (Mecha g)/Skeleton3D" index="23"]
transform = Transform3D(0.987809, 0.153229, -0.0266768, -0.152167, 0.98728, 0.0319127, 0.0347027, -0.032291, 0.848175, 0.0537668, 0.645039, -0.775754)
joint_offset = Transform3D(1, 0, 0, 0, 1, 0, 0, 0, 1, 0.000339521, 0.00181158, 0.345029)
body_offset = Transform3D(1.00006, -1.59238e-05, -0.00177988, -7.40588e-06, 7.44238e-05, -0.849192, 2.45709e-05, 0.999621, 9.39928e-05, 0.000274599, 0.292996, -0.00184333)

[node name="Physical Bone Spine003" parent="untitled/untitled/Armature (Mecha g)/Skeleton3D" index="24"]
transform = Transform3D(0.989385, 0.150246, -0.0174453, -0.151175, 0.983663, -0.100684, 0.00226948, 0.102796, 0.990398, 0.0658258, 0.654648, -1.2537)
joint_offset = Transform3D(1, 0, 0, 0, 1, 0, 0, 0, 1, -0.000207428, 0.000151273, 0.186894)
body_offset = Transform3D(1.00087, 6.59395e-05, -2.25753e-06, -0.000211574, -6.36727e-05, -0.995655, 0.000113419, 1.00037, 8.53166e-05, 0.00020802, 0.186082, -0.000167251)

[node name="Area3D" parent="untitled/untitled" index="2"]
collision_layer = 7

[node name="RigidBody3D" parent="." instance=ExtResource("4_f1ch3")]
transform = Transform3D(1, 0, 0, 0, 1, 0, 0, 0, 1, -3.55503, -0.693121, 0)

[connection signal="animation_started" from="untitled/untitled/AnimationPlayer" to="untitled" method="_on_animation_player_animation_started"]
[connection signal="body_exited" from="untitled/untitled/Area3D" to="untitled/untitled/Armature (Mecha g)/Skeleton3D/BoneAttachment3D" method="_on_area_3d_body_exited"]

[editable path="coffee"]
[editable path="coffee2"]
[editable path="coffee3"]
[editable path="untitled"]
[editable path="untitled/untitled"]
