[gd_scene load_steps=9 format=3 uid="uid://btp5snpmod6i"]

[ext_resource type="Texture2D" uid="uid://d3uyn04t7gn5i" path="res://textures/Orange/texture_01.png" id="2_547ht"]
[ext_resource type="PackedScene" uid="uid://ck7qsmcr0ybh4" path="res://character_movement.tscn" id="2_gemj6"]

[sub_resource type="Environment" id="Environment_cm4hq"]
volumetric_fog_enabled = true

[sub_resource type="CameraAttributesPractical" id="CameraAttributesPractical_ugn23"]

[sub_resource type="ImageTexture3D" id="ImageTexture3D_alsww"]

[sub_resource type="FogMaterial" id="FogMaterial_ush73"]
density = 3.4242
emission = Color(0.666667, 0.666667, 0.666667, 1)
density_texture = SubResource("ImageTexture3D_alsww")

[sub_resource type="ShaderMaterial" id="ShaderMaterial_1dirg"]

[sub_resource type="StandardMaterial3D" id="StandardMaterial3D_l1td8"]
albedo_texture = ExtResource("2_547ht")
uv1_triplanar = true

[node name="WorldEnvironment" type="WorldEnvironment"]
environment = SubResource("Environment_cm4hq")
camera_attributes = SubResource("CameraAttributesPractical_ugn23")

[node name="Node3D" type="Node3D" parent="."]

[node name="OmniLight3D" type="OmniLight3D" parent="Node3D"]
transform = Transform3D(1, 0, 0, 0, 1, 0, 0, 0, 1, 0, 0.97587, 0)
omni_range = 4.0

[node name="FogVolume" type="FogVolume" parent="Node3D"]
transform = Transform3D(1, 0, 0, 0, 1, 0, 0, 0, 1, -13, -1.02413, 0)
size = Vector3(7, 1, 5)
material = SubResource("FogMaterial_ush73")

[node name="OmniLight3D2" type="OmniLight3D" parent="Node3D"]
transform = Transform3D(1, 0, 0, 0, 1, 0, 0, 0, 1, -12, 0.97587, 0)
light_color = Color(0.145098, 1, 0.133333, 1)

[node name="untitled2" parent="Node3D" instance=ExtResource("2_gemj6")]
transform = Transform3D(1.19249e-08, 0, -1, 0, 1, 0, 1, 0, 1.19249e-08, 2.10516, -0.2048, -0.0650799)

[node name="SpringArm3D" parent="Node3D/untitled2" index="1"]
collision_mask = 2

[node name="Armature (Mecha g)" parent="Node3D/untitled2/untitled" index="0"]
transform = Transform3D(0.997904, 0.0506764, 0.0402317, -0.0553884, 0.990449, 0.126268, -0.0334487, -0.128231, 0.99118, -0.0364349, -0.130577, 0.134316)

[node name="Physical Bone Hips" parent="Node3D/untitled2/untitled/Armature (Mecha g)/Skeleton3D" index="1"]
transform = Transform3D(1.00026, 1.16602e-06, 3.99947e-05, 2.66731e-06, 0.0362372, -0.999176, 2.46242e-06, 1.00059, 0.0363492, -0.000141954, 0.980376, -0.0147831)
joint_offset = Transform3D(1, 0, 0, 0, 1, 0, 0, 0, 1, 0.00013928, -1.93496e-05, 0.066091)
body_offset = Transform3D(1.00026, 1.16602e-06, 3.99984e-05, 2.67103e-06, 0.0362372, -0.999176, 2.46987e-06, 1.00059, 0.0363492, -0.00014196, 0.0660372, -0.00238299)

[node name="Physical Bone Spine" parent="Node3D/untitled2/untitled/Armature (Mecha g)/Skeleton3D" index="2"]
transform = Transform3D(0.984146, 0.172021, -0.0584044, -0.0272689, -0.180114, -0.983703, -0.179645, 0.978439, -0.170644, 0.0120336, 1.25302, 0.0185256)
joint_offset = Transform3D(1, 0, 0, 0, 1, 0, 0, 0, 1, 0.000199818, 9.27369e-05, 0.209679)
body_offset = Transform3D(0.986313, 0.123067, -0.116051, -0.117898, 0.00716972, -0.993112, -0.121849, 1.00209, 0.021525, 0.024125, 0.208258, -0.00458193)

[node name="Physical Bone Chest" parent="Node3D/untitled2/untitled/Armature (Mecha g)/Skeleton3D" index="3"]
transform = Transform3D(0.871947, 0.46031, -0.169825, 0.0394936, -0.41103, -0.911455, -0.489108, 0.787347, -0.376554, 0.0380057, 1.54963, 0.0897665)
joint_offset = Transform3D(1, 0, 0, 0, 1, 0, 0, 0, 1, -0.0456163, -0.00936683, 0.103974)
body_offset = Transform3D(0.927636, 0.315619, -0.202284, -0.211525, -0.00524721, -0.97808, -0.30956, 0.949264, 0.0618343, 0.0663039, 0.091997, -0.0116585)

[node name="Physical Bone Neck" parent="Node3D/untitled2/untitled/Armature (Mecha g)/Skeleton3D" index="4"]
transform = Transform3D(0.887332, 0.389047, -0.251816, 0.0542425, -0.628635, -0.777121, -0.460061, 0.676217, -0.577419, 0.0772358, 1.70665, 0.177625)
joint_offset = Transform3D(1, 0, 0, 0, 1, 0, 0, 0, 1, -0.0870912, -0.00583014, 0.100922)
body_offset = Transform3D(0.934651, 0.253576, -0.25317, -0.250966, -0.0424423, -0.967507, -0.255736, 0.968353, 0.0239901, 0.108429, 0.0755384, -0.0190479)

[node name="Physical Bone Head" parent="Node3D/untitled2/untitled/Armature (Mecha g)/Skeleton3D" index="5"]
transform = Transform3D(0.900796, 0.408885, -0.150633, 0.0699207, -0.476709, -0.876582, -0.43044, 0.778406, -0.457694, 0.113421, 1.8542, 0.270143)
joint_offset = Transform3D(1, 0, 0, 0, 1, 0, 0, 0, 1, -0.132549, -0.0139021, 0.100929)
body_offset = Transform3D(0.940414, 0.290231, -0.181114, -0.166836, -0.0737835, -0.983529, -0.298979, 0.954294, -0.02095, 0.146965, 0.0761269, -0.0242481)

[node name="Physical Bone Left shoulder" parent="Node3D/untitled2/untitled/Armature (Mecha g)/Skeleton3D" index="6"]
transform = Transform3D(0.432842, -0.016444, -0.90205, -0.391895, 0.897721, -0.20389, 0.813867, 0.44107, 0.381423, 0.13784, 1.60448, 0.0704484)
joint_offset = Transform3D(1, 0, 0, 0, 1, 0, 0, 0, 1, -0.00722674, 0.00729848, 0.171248)
body_offset = Transform3D(0.953225, 0.0117421, 0.306969, 0.300221, 0.183605, -0.936585, -0.0673981, 0.983294, 0.171249, -0.0457648, 0.161218, -0.0369897)

[node name="Physical Bone Left arm" parent="Node3D/untitled2/untitled/Armature (Mecha g)/Skeleton3D" index="7"]
transform = Transform3D(0.709555, 0.245913, -0.662762, -0.170873, 0.970598, 0.177841, 0.688075, -0.0132776, 0.727589, 0.325603, 1.59326, -0.0865511)
joint_offset = Transform3D(1, 0, 0, 0, 1, 0, 0, 0, 1, 0.0238713, -0.0147925, 0.270776)
body_offset = Transform3D(0.451248, -0.715738, 0.535839, -0.0795158, -0.630283, -0.773053, 0.892281, 0.305242, -0.339899, -0.166452, 0.201899, 0.0752518)

[node name="Physical Bone Left elbow" parent="Node3D/untitled2/untitled/Armature (Mecha g)/Skeleton3D" index="8"]
transform = Transform3D(0.588469, 0.0646296, -0.808856, 0.171702, 0.965094, 0.203369, 0.790596, -0.258079, 0.557933, 0.531156, 1.52665, -0.287624)
joint_offset = Transform3D(1, 0, 0, 0, 1, 0, 0, 0, 1, -0.0173641, -0.214526, 0.305875)
body_offset = Transform3D(0.597737, -0.305929, 0.744003, -0.119782, -0.949241, -0.29514, 0.79321, 0.0868214, -0.605184, -0.282823, -0.115441, 0.21751)

[node name="Physical Bone Left wrist" parent="Node3D/untitled2/untitled/Armature (Mecha g)/Skeleton3D" index="9"]
transform = Transform3D(0.297467, -0.419196, -0.85905, 0.642533, 0.753914, -0.145245, 0.707575, -0.508265, 0.493348, 0.533703, 1.54414, -0.468697)
joint_offset = Transform3D(1, 0, 0, 0, 1, 0, 0, 0, 1, -0.0481783, -0.38554, 0.462901)
body_offset = Transform3D(0.624749, -0.285554, 0.728458, -0.48246, -0.874402, 0.0711867, 0.615564, -0.39538, -0.683181, -0.417197, -0.393314, 0.193467)

[node name="Physical Bone Right shoulder" parent="Node3D/untitled2/untitled/Armature (Mecha g)/Skeleton3D" index="10"]
transform = Transform3D(-0.466277, 0.224545, 0.856661, 0.369341, 0.929053, -0.0419328, -0.803688, 0.296766, -0.516518, -0.0392511, 1.5932, 0.160714)
joint_offset = Transform3D(1, 0, 0, 0, 1, 0, 0, 0, 1, 0.0119217, -0.0203931, 0.0200793)
body_offset = Transform3D(0.952634, 0.0731243, 0.295342, 0.303693, -0.228953, -0.925977, -0.000205353, 0.971526, -0.240329, -0.0157961, 0.0103034, 0.0246405)

[node name="Physical Bone Right arm" parent="Node3D/untitled2/untitled/Armature (Mecha g)/Skeleton3D" index="11"]
transform = Transform3D(0.186354, -0.00539394, 0.984766, 0.454634, 0.890392, -0.0809106, -0.882721, 0.459418, 0.168286, -0.277567, 1.60903, 0.181161)
joint_offset = Transform3D(1, 0, 0, 0, 1, 0, 0, 0, 1, 0.00648559, -0.0453477, 0.0630227)
body_offset = Transform3D(0.874788, -0.166427, -0.474986, -0.256071, -0.959907, -0.130434, -0.43565, 0.234034, -0.872929, 0.0167143, -0.0336485, 0.0684527)

[node name="Physical Bone Right elbow" parent="Node3D/untitled2/untitled/Armature (Mecha g)/Skeleton3D" index="12"]
transform = Transform3D(0.161286, -0.098644, 0.98853, 0.17379, 0.983022, 0.0699026, -0.972219, 0.159349, 0.176988, -0.591845, 1.59631, 0.0799971)
joint_offset = Transform3D(1, 0, 0, 0, 1, 0, 0, 0, 1, -0.014272, -0.371934, 0.290098)
body_offset = Transform3D(0.750322, -0.503026, -0.433227, -0.534352, -0.844319, 0.0562901, -0.391039, 0.188535, -0.906945, -0.0507058, -0.337987, 0.327645)

[node name="Physical Bone Right wrist" parent="Node3D/untitled2/untitled/Armature (Mecha g)/Skeleton3D" index="13"]
transform = Transform3D(-0.0854513, -0.450707, 0.88933, -0.162386, 0.886411, 0.433987, -0.983408, -0.107225, -0.14911, -0.950065, 1.38224, 0.0967624)
joint_offset = Transform3D(1, 0, 0, 0, 1, 0, 0, 0, 1, -0.0803197, -0.620881, 0.454506)
body_offset = Transform3D(0.915922, -0.157764, -0.370018, -0.330036, -0.820801, -0.466861, -0.230057, 0.549323, -0.804123, 0.143789, -0.323937, 0.688065)

[node name="Physical Bone Left leg" parent="Node3D/untitled2/untitled/Armature (Mecha g)/Skeleton3D" index="14"]
transform = Transform3D(0.965558, 0.00840141, -0.280954, 0.226904, -0.619934, 0.751999, -0.168589, -0.784949, -0.596727, 0.155322, 0.760967, 0.109339)
joint_offset = Transform3D(1, 0, 0, 0, 1, 0, 0, 0, 1, -1.38154e-05, 2.71243e-05, 0.203979)
body_offset = Transform3D(0.99951, -0.0794448, -0.0822482, -0.0844332, -0.0187081, -0.996549, 0.0778451, 0.996933, -0.0254057, 0.0167929, 0.203275, 0.00515628)

[node name="Physical Bone Left knee" parent="Node3D/untitled2/untitled/Armature (Mecha g)/Skeleton3D" index="15"]
transform = Transform3D(0.956136, 0.157573, -0.253853, 0.131085, 0.543158, 0.829743, 0.268883, -0.825316, 0.497659, 0.2886, 0.464085, 0.126603)
joint_offset = Transform3D(1, 0, 0, 0, 1, 0, 0, 0, 1, -0.054754, -0.0354334, 0.202554)
body_offset = Transform3D(0.926546, 0.347305, -0.155508, -0.325722, 0.510022, -0.796732, -0.197726, 0.787562, 0.584479, 0.0945371, 0.161619, -0.101309)

[node name="Physical Bone Left ankle" parent="Node3D/untitled2/untitled/Armature (Mecha g)/Skeleton3D" index="16"]
transform = Transform3D(0.957549, 0.171466, 0.237412, -0.0575301, -0.685192, 0.726338, 0.287857, -0.708085, -0.645572, 0.301256, 0.19721, 0.114786)
joint_offset = Transform3D(1, 0, 0, 0, 1, 0, 0, 0, 1, -0.205764, -0.0278421, 0.289998)
body_offset = Transform3D(0.891045, 0.234507, 0.391579, 0.293594, 0.364062, -0.88437, -0.350589, 0.901522, 0.255439, 0.076317, 0.327013, -0.121115)

[node name="Physical Bone Left toe" parent="Node3D/untitled2/untitled/Armature (Mecha g)/Skeleton3D" index="17"]
transform = Transform3D(-0.943296, 0.0287509, 0.350653, 0.036977, 1.00035, 0.01584, -0.343768, 0.0286817, -0.960548, 0.258568, 0.0909197, 0.243463)
joint_offset = Transform3D(1, 0, 0, 0, 1, 0, 0, 0, 1, 0.133693, 0.0773943, 0.205179)
body_offset = Transform3D(0.869398, -0.0993547, -0.50218, -0.500864, -0.0706598, -0.883476, 0.0513194, 0.99372, -0.114664, -0.00550611, 0.253702, -0.0602425)

[node name="Physical Bone Right leg" parent="Node3D/untitled2/untitled/Armature (Mecha g)/Skeleton3D" index="18"]
transform = Transform3D(0.914934, -0.0720706, 0.407552, -0.41203, -0.0944321, 0.92465, -0.0254824, -1.03313, -0.119505, -0.18078, 0.72877, 0.0113974)
joint_offset = Transform3D(1, 0, 0, 0, 1, 0, 0, 0, 1, 0.000894215, -0.000245474, 0.201064)
body_offset = Transform3D(0.915776, -0.195962, 0.36433, 0.240668, -0.494261, -0.865735, 0.333101, 0.89374, -0.391311, -0.0741208, 0.173732, 0.0786002)

[node name="Physical Bone Right knee" parent="Node3D/untitled2/untitled/Armature (Mecha g)/Skeleton3D" index="19"]
transform = Transform3D(0.976535, 0.224103, 0.0659231, -0.229212, 0.86079, 0.455341, 0.045916, -0.458205, 0.888219, -0.263223, 0.47174, -0.140369)
joint_offset = Transform3D(1, 0, 0, 0, 1, 0, 0, 0, 1, 0.115339, -0.0428805, 0.373312)
body_offset = Transform3D(0.960708, 0.229206, 0.180615, 0.190619, -0.022125, -0.981712, -0.221299, 0.973708, -0.0650895, -0.168404, 0.34355, 0.0915761)

[node name="Physical Bone Right ankle" parent="Node3D/untitled2/untitled/Armature (Mecha g)/Skeleton3D" index="20"]
transform = Transform3D(0.995399, 0.0350181, 0.0901125, -0.0422011, -0.681412, 0.730731, 0.086996, -0.731179, -0.676719, -0.290827, 0.236848, -0.203515)
joint_offset = Transform3D(1, 0, 0, 0, 1, 0, 0, 0, 1, 0.201039, -0.152578, 0.0637013)
body_offset = Transform3D(0.994723, -0.102934, 0.00995976, 0.0184641, 0.0818552, -0.996489, 0.101758, 0.991402, 0.0833392, -0.216318, 0.0722549, 0.1255)

[node name="Physical Bone Right toe" parent="Node3D/untitled2/untitled/Armature (Mecha g)/Skeleton3D" index="21"]
transform = Transform3D(-0.994558, 0.0470929, 0.0950334, 0.049193, 0.999379, 0.0198059, -0.0938207, 0.0243479, -0.997929, -0.307044, 0.128586, -0.0708652)
joint_offset = Transform3D(1, 0, 0, 0, 1, 0, 0, 0, 1, -0.206915, 0.0361334, -0.111102)
body_offset = Transform3D(0.994703, -0.0856942, 0.0601786, 0.0501808, -0.111971, -0.995066, 0.0917444, 0.990802, -0.107278, 0.215601, -0.0961251, -0.0287366)

[node name="Physical Bone Spine001" parent="Node3D/untitled2/untitled/Armature (Mecha g)/Skeleton3D" index="22"]
transform = Transform3D(0.988555, 0.184003, -0.0700739, -0.110607, 0.818499, 0.57432, 0.162641, -0.56018, 0.815798, 0.0332741, 0.754757, -0.345456)
joint_offset = Transform3D(1, 0, 0, 0, 1, 0, 0, 0, 1, 7.49992e-05, 9.43987e-06, 0.168838)
body_offset = Transform3D(1.00793, 0.000461057, -1.70525e-06, 0.000111695, -0.000252994, -1.00014, -0.000205353, 1.00876, -5.91336e-05, -7.53105e-05, 0.168862, 4.76837e-07)

[node name="Physical Bone Spine002" parent="Node3D/untitled2/untitled/Armature (Mecha g)/Skeleton3D" index="23"]
transform = Transform3D(0.992933, 0.154825, -0.0293576, -0.153298, 0.99331, 0.0371502, 0.0348131, -0.0323178, 0.99901, 0.0533024, 0.646869, -0.776072)
joint_offset = Transform3D(1, 0, 0, 0, 1, 0, 0, 0, 1, 0.000468479, 9.77026e-05, 0.293193)
body_offset = Transform3D(1.0053, 0.000641525, 8.59331e-06, 7.51279e-05, -7.47831e-05, -1.00013, -0.000310063, 1.00582, -4.32716e-06, -0.000473544, 0.293231, -9.68575e-05)

[node name="Physical Bone Spine003" parent="Node3D/untitled2/untitled/Armature (Mecha g)/Skeleton3D" index="24"]
transform = Transform3D(0.989824, 0.150233, -0.0175345, -0.151436, 0.983827, -0.101236, 0.00203889, 0.102729, 0.995442, 0.0656398, 0.654611, -1.25294)
joint_offset = Transform3D(1, 0, 0, 0, 1, 0, 0, 0, 1, -3.1434e-05, 0.000146631, 0.185178)
body_offset = Transform3D(1.00134, 2.77013e-05, 3.30433e-06, -9.96515e-07, 1.99813e-05, -1.00073, -0.000101224, 1.00052, 4.75135e-05, 3.08603e-05, 0.185313, -0.000155509)

[node name="CSGBox3D" type="CSGBox3D" parent="Node3D"]
material_override = SubResource("ShaderMaterial_1dirg")
material_overlay = SubResource("StandardMaterial3D_l1td8")
use_collision = true
collision_layer = 3
collision_mask = 3
size = Vector3(12, 8, 8)

[node name="CSGBox3D2" type="CSGBox3D" parent="Node3D/CSGBox3D"]
operation = 2
size = Vector3(10, 4, 6)

[node name="CSGBox3D3" type="CSGBox3D" parent="Node3D/CSGBox3D"]
transform = Transform3D(1, 0, 0, 0, 1, 0, 0, 0, 1, -5, 0, -1)
operation = 2
size = Vector3(2, 4, 2)

[node name="CSGBox3D4" type="CSGBox3D" parent="Node3D/CSGBox3D"]
transform = Transform3D(1, 0, 0, 0, 1, 0, 0, 0, 1, 1, 0, -4)
operation = 2
size = Vector3(2, 4, 4)

[node name="CSGBox3D2" type="CSGBox3D" parent="Node3D"]
transform = Transform3D(1, 0, 0, 0, 1, 0, 0, 0, 1, -11, 0, 0)
material_override = SubResource("ShaderMaterial_1dirg")
material_overlay = SubResource("StandardMaterial3D_l1td8")
use_collision = true
collision_layer = 3
collision_mask = 3
size = Vector3(12, 8, 8)

[node name="CSGBox3D5" type="CSGBox3D" parent="Node3D/CSGBox3D2"]
transform = Transform3D(1, 0, 0, 0, 1, 0, 0, 0, 1, 1, 0, -4)
operation = 2
size = Vector3(2, 4, 4)

[node name="CSGBox3D2" type="CSGBox3D" parent="Node3D/CSGBox3D2"]
operation = 2
size = Vector3(8, 4, 6)

[node name="CSGBox3D3" type="CSGBox3D" parent="Node3D/CSGBox3D2"]
transform = Transform3D(1, 0, 0, 0, 1, 0, 0, 0, 1, 4, 0, -1)
operation = 2
size = Vector3(6, 4, 2)

[node name="CSGBox3D3" type="CSGBox3D" parent="Node3D"]
transform = Transform3D(1, 0, 0, 0, 1, 0, 0, 0, 1, -5, 0, -7)
material_override = SubResource("ShaderMaterial_1dirg")
material_overlay = SubResource("StandardMaterial3D_l1td8")
use_collision = true
collision_layer = 3
collision_mask = 3
size = Vector3(22, 8, 6)

[node name="CSGBox3D2" type="CSGBox3D" parent="Node3D/CSGBox3D3"]
transform = Transform3D(1, 0, 0, 0, 1, 0, 0, 0, 1, 1, 0, 1)
operation = 2
size = Vector3(16, 4, 4)

[editable path="Node3D/untitled2"]
[editable path="Node3D/untitled2/untitled"]
