[gd_scene load_steps=22 format=3 uid="uid://btp5snpmod6i"]

[ext_resource type="Texture2D" uid="uid://d3uyn04t7gn5i" path="res://textures/Orange/texture_01.png" id="2_547ht"]
[ext_resource type="PackedScene" uid="uid://dynlqlpmlpa5p" path="res://ITEMS/coffee_cup.tscn" id="3_ln8wc"]
[ext_resource type="PackedScene" uid="uid://bqv7os70gkkry" path="res://animations/character_movement_2.tscn" id="3_pbcwd"]
[ext_resource type="PackedScene" uid="uid://cldcqubi7dtci" path="res://ITEMS/random_box.tscn" id="4_f1ch3"]
[ext_resource type="PackedScene" uid="uid://d3i4wdg83uyjt" path="res://ITEMS/fridge.tscn" id="5_b5jrv"]
[ext_resource type="PackedScene" uid="uid://0fuf0gmc4ihi" path="res://ITEMS/beer.tscn" id="6_bxryp"]
[ext_resource type="PackedScene" uid="uid://dcuhiv4750vv1" path="res://level/house/house_meshes_with_items.glb" id="7_kjfmu"]
[ext_resource type="PackedScene" uid="uid://dtg6rluri4kke" path="res://ITEMS/Tv.tscn" id="8_s2bro"]
[ext_resource type="PackedScene" uid="uid://dh8it4jsck1xu" path="res://ITEMS/cereal.tscn" id="9_qph82"]
[ext_resource type="PackedScene" uid="uid://o1cklxr0vrag" path="res://ITEMS/milk.tscn" id="10_veexa"]
[ext_resource type="PackedScene" uid="uid://b8ti0selmekbp" path="res://ITEMS/juice.tscn" id="11_v2hmo"]
[ext_resource type="PackedScene" uid="uid://c7h106y5e8s4n" path="res://ITEMS/pillow.tscn" id="12_piopk"]
[ext_resource type="PackedScene" uid="uid://2mhqxdcx2vry" path="res://sounds/sound.tscn" id="13_h1oml"]
[ext_resource type="PackedScene" uid="uid://d4itk2r2tkmh6" path="res://level/house/rain.tscn" id="14_om8kc"]
[ext_resource type="Script" path="res://test_volume.gd" id="15_vjyon"]

[sub_resource type="Environment" id="Environment_cm4hq"]
ssil_enabled = true
volumetric_fog_enabled = true

[sub_resource type="CameraAttributesPractical" id="CameraAttributesPractical_ugn23"]

[sub_resource type="ShaderMaterial" id="ShaderMaterial_1dirg"]

[sub_resource type="StandardMaterial3D" id="StandardMaterial3D_l1td8"]
albedo_texture = ExtResource("2_547ht")
uv1_triplanar = true

[sub_resource type="StandardMaterial3D" id="StandardMaterial3D_h5r0s"]
emission_enabled = true
emission = Color(0.658824, 0.658824, 0.658824, 1)

[sub_resource type="BoxShape3D" id="BoxShape3D_lgqmg"]

[node name="WorldEnvironment" type="WorldEnvironment"]
environment = SubResource("Environment_cm4hq")
camera_attributes = SubResource("CameraAttributesPractical_ugn23")

[node name="Node3D" type="Node3D" parent="."]

[node name="OmniLight3D" type="OmniLight3D" parent="Node3D"]
transform = Transform3D(1, 0, 0, 0, 1, 0, 0, 0, 1, 1.80311, 0.822952, 6.20459)
omni_range = 4.0

[node name="OmniLight3D5" type="OmniLight3D" parent="Node3D"]
transform = Transform3D(1, 0, 0, 0, 1, 0, 0, 0, 1, -8.15725, 0.605871, 1.76514)
omni_range = 4.0

[node name="OmniLight3D2" type="OmniLight3D" parent="Node3D"]
transform = Transform3D(1, 0, 0, 0, 1, 0, 0, 0, 1, 7.84718, 1.19513, 2.1032)
omni_range = 4.0

[node name="OmniLight3D4" type="OmniLight3D" parent="Node3D"]
transform = Transform3D(1, 0, 0, 0, 1, 0, 0, 0, 1, 5.16443, 0.914989, -11.7468)
omni_range = 4.0

[node name="OmniLight3D3" type="OmniLight3D" parent="Node3D"]
transform = Transform3D(1, 0, 0, 0, 1, 0, 0, 0, 1, -5.86017, 1.42423, -8.04165)
light_color = Color(0.980392, 1, 0.901961, 1)

[node name="CSGBox3D" type="CSGBox3D" parent="Node3D"]
transform = Transform3D(1, 0, 0, 0, 1, 0, 0, 0, 1, 0, 0, -3)
visible = false
material_override = SubResource("ShaderMaterial_1dirg")
material_overlay = SubResource("StandardMaterial3D_l1td8")
use_collision = true
collision_layer = 7
collision_mask = 3
size = Vector3(20, 8, 22)

[node name="CSGBox3D2" type="CSGBox3D" parent="Node3D/CSGBox3D"]
operation = 2
size = Vector3(18, 4, 20)

[node name="CSGBox3D3" type="CSGBox3D" parent="Node3D/CSGBox3D"]
transform = Transform3D(1, 0, 0, 0, 1, 0, 0, 0, 1, 0, 0, 3)
size = Vector3(8, 4, 2)

[node name="CSGBox3D7" type="CSGBox3D" parent="Node3D/CSGBox3D"]
transform = Transform3D(1, 0, 0, 0, 1, 0, 0, 0, 1, 1, 0, -2)
size = Vector3(6, 4, 2)

[node name="CSGBox3D9" type="CSGBox3D" parent="Node3D/CSGBox3D"]
transform = Transform3D(1, 0, 0, 0, 1, 0, 0, 0, 1, -3, 0, -2)
size = Vector3(2, 4, 2)

[node name="CSGBox3D10" type="CSGBox3D" parent="Node3D/CSGBox3D"]
transform = Transform3D(1, 0, 0, 0, 1, 0, 0, 0, 1, -8, 0, -2)
size = Vector3(2, 4, 2)

[node name="CSGBox3D8" type="CSGBox3D" parent="Node3D/CSGBox3D"]
transform = Transform3D(1, 0, 0, 0, 1, 0, 0, 0, 1, -1, 0, -7)
size = Vector3(2, 4, 8)

[node name="CSGBox3D6" type="CSGBox3D" parent="Node3D/CSGBox3D"]
transform = Transform3D(1, 0, 0, 0, 1, 0, 0, 0, 1, -11, 0, 3)
size = Vector3(10, 4, 2)

[node name="CSGBox3D4" type="CSGBox3D" parent="Node3D/CSGBox3D"]
transform = Transform3D(1, 0, 0, 0, 1, 0, 0, 0, 1, 0, 0, 8)
size = Vector3(2, 4, 4)

[node name="CSGBox3D5" type="CSGBox3D" parent="Node3D/CSGBox3D"]
transform = Transform3D(1, 0, 0, 0, 1, 0, 0, 0, 1, 9, 0, 3)
size = Vector3(6, 4, 2)

[node name="coffee" parent="." instance=ExtResource("3_ln8wc")]
unique_name_in_owner = true
transform = Transform3D(1, 0, 0, 0, 1, 0, 0, 0, 1, -2.26213, -0.815835, 1.75167)

[node name="coffee2" parent="." instance=ExtResource("3_ln8wc")]
transform = Transform3D(1, 0, 0, 0, 1, 0, 0, 0, 1, -2.26213, -0.815835, 0.839926)

[node name="Cube" parent="coffee2" index="1"]
transform = Transform3D(0.1, 0, 0, 0, 0.1, 0, 0, 0, 0.1, 9.41006, 0, 1.3)

[node name="coffee3" parent="." instance=ExtResource("3_ln8wc")]
transform = Transform3D(1, 0, 0, 0, 1, 0, 0, 0, 1, -2.26213, -0.815835, 1.75728)

[node name="untitled" parent="." instance=ExtResource("3_pbcwd")]
transform = Transform3D(1, 0, 0, 0, 1, 0, 0, 0, 1, 3.00506, -0.833669, 3.44332)

[node name="Armature (Mecha g)" parent="untitled/untitled" index="0"]
transform = Transform3D(0.994844, 0.00914838, -0.101015, -0.00890496, 0.999955, 0.00286066, 0.101036, -0.00194637, 0.994882, -0.0197568, -0.0416348, 0.0115021)

[node name="Physical Bone Hips" parent="untitled/untitled/Armature (Mecha g)/Skeleton3D" index="1"]
transform = Transform3D(-0.999489, 9.0301e-05, 0.000189788, -2.34578e-05, -0.0362475, -0.999649, -3.84599e-05, -1.00013, 0.0357443, 0.00149202, 0.671437, -0.0148277)
joint_offset = Transform3D(1, 0, 0, 0, 1, 0, 0, 0, 1, 0.00144572, -0.0110972, -0.242585)
body_offset = Transform3D(-0.999489, 9.02861e-05, 0.000189786, 3.84524e-05, 1.00013, -0.0357443, -2.3456e-05, -0.0362475, -0.999649, 0.00149202, 0.00242758, -0.242902)

[node name="Physical Bone Spine" parent="untitled/untitled/Armature (Mecha g)/Skeleton3D" index="2"]
transform = Transform3D(0.987351, 0.131734, -0.094311, -0.0229209, -0.464092, -0.887631, -0.160015, 0.87845, -0.454723, 0.0194268, 1.23152, 0.0773914)
joint_offset = Transform3D(1, 0, 0, 0, 1, 0, 0, 0, 1, 0.0001923, 9.07667e-05, 0.208126)
body_offset = Transform3D(1.00038, 0.00835783, -0.0128268, -0.00997684, -0.281891, -0.9613, -0.0114733, 0.961706, -0.281591, 0.00247645, 0.200099, 0.0585213)

[node name="Physical Bone Chest" parent="untitled/untitled/Armature (Mecha g)/Skeleton3D" index="3"]
transform = Transform3D(0.922841, 0.273039, -0.273492, 0.0970259, -0.850934, -0.519301, -0.373652, 0.453637, -0.810399, 0.0856099, 1.43712, 0.227196)
joint_offset = Transform3D(1, 0, 0, 0, 1, 0, 0, 0, 1, 0.00129017, -0.110018, 0.140783)
body_offset = Transform3D(0.996359, 0.0492951, 0.0742126, 0.0889714, -0.513414, -0.854513, -0.00410807, 0.859303, -0.515285, -0.00630999, 0.0637014, 0.167088)

[node name="Physical Bone Neck" parent="untitled/untitled/Armature (Mecha g)/Skeleton3D" index="4"]
transform = Transform3D(0.978586, -0.0680652, -0.194356, -0.0525721, -0.994813, 0.0837737, -0.199117, -0.0717268, -0.977321, 0.105045, 1.45244, 0.363157)
joint_offset = Transform3D(1, 0, 0, 0, 1, 0, 0, 0, 1, -0.0175883, -0.156089, 0.238393)
body_offset = Transform3D(0.974958, -0.0472666, 0.217401, 0.0835916, -0.827554, -0.554757, 0.206185, 0.558884, -0.803075, -0.0420569, 0.00454855, 0.282309)

[node name="Physical Bone Head" parent="untitled/untitled/Armature (Mecha g)/Skeleton3D" index="5"]
transform = Transform3D(0.969277, -0.242506, -0.0541533, -0.236582, -0.966065, 0.103994, -0.0777957, -0.0878236, -0.993252, 0.103755, 1.4356, 0.514699)
joint_offset = Transform3D(1, 0, 0, 0, 1, 0, 0, 0, 1, -0.0650044, -0.294006, 0.298683)
body_offset = Transform3D(0.917768, -0.199258, 0.345413, -0.0836109, -0.942611, -0.323048, 0.390169, 0.267551, -0.881264, -0.102093, -0.18608, 0.367243)

[node name="Physical Bone Left shoulder" parent="untitled/untitled/Armature (Mecha g)/Skeleton3D" index="6"]
transform = Transform3D(0.138758, -0.180348, -0.973565, -0.893364, 0.401536, -0.201557, 0.427471, 0.89779, -0.105264, 0.205235, 1.47098, 0.253052)
joint_offset = Transform3D(1, 0, 0, 0, 1, 0, 0, 0, 1, -0.174468, -0.0454076, 0.143162)
body_offset = Transform3D(0.781023, 0.45016, -0.432743, -0.277558, -0.370722, -0.886131, -0.559509, 0.812222, -0.16444, 0.218656, 0.0616021, -0.0371934)

[node name="Physical Bone Left arm" parent="untitled/untitled/Armature (Mecha g)/Skeleton3D" index="7"]
transform = Transform3D(0.305065, 0.928505, 0.21083, -0.806019, 0.133957, 0.57639, 0.507052, -0.345809, 0.789436, 0.389997, 1.47276, 0.0738509)
joint_offset = Transform3D(1, 0, 0, 0, 1, 0, 0, 0, 1, -0.189987, -0.135766, 0.0405469)
body_offset = Transform3D(0.799279, 0.0767656, 0.59592, 0.57403, 0.195142, -0.795137, -0.177412, 0.977587, 0.1119, 0.138112, 0.167792, 0.0944803)

[node name="Physical Bone Left elbow" parent="untitled/untitled/Armature (Mecha g)/Skeleton3D" index="8"]
transform = Transform3D(0.166541, 0.928063, -0.338255, 0.131709, 0.320111, 0.938351, 0.98915, -0.195117, -0.0682359, 0.368772, 1.33264, -0.0406213)
joint_offset = Transform3D(1, 0, 0, 0, 1, 0, 0, 0, 1, -0.050571, -0.0770195, 0.0341895)
body_offset = Transform3D(0.950993, 0.102998, 0.32601, 0.323617, 0.0767276, -0.944339, -0.119941, 0.992646, 0.0389331, 0.0448794, 0.0545616, 0.0690565)

[node name="Physical Bone Left wrist" parent="untitled/untitled/Armature (Mecha g)/Skeleton3D" index="9"]
transform = Transform3D(0.157336, 0.669606, -0.726385, 0.561062, 0.545253, 0.623813, 0.814916, -0.504685, -0.289517, 0.492648, 1.18004, 0.0185115)
joint_offset = Transform3D(1, 0, 0, 0, 1, 0, 0, 0, 1, -0.0478201, -0.0870176, 0.0691084)
body_offset = Transform3D(0.954935, -0.299421, 0.0420505, 0.031858, -0.039555, -0.999011, 0.301192, 0.9535, -0.0283867, 0.0167041, 0.0671215, 0.099336)

[node name="Physical Bone Right shoulder" parent="untitled/untitled/Armature (Mecha g)/Skeleton3D" index="10"]
transform = Transform3D(-0.643894, -0.0111301, 0.765546, 0.657441, 0.503821, 0.560182, -0.392582, 0.862246, -0.317751, 0.0134072, 1.40265, 0.305238)
joint_offset = Transform3D(1, 0, 0, 0, 1, 0, 0, 0, 1, 0.16966, -0.0642974, 0.174508)
body_offset = Transform3D(0.875688, -0.456433, 0.158741, 0.416952, 0.545614, -0.726909, 0.245499, 0.701, 0.668756, -0.205618, 0.0911928, -0.113282)

[node name="Physical Bone Right arm" parent="untitled/untitled/Armature (Mecha g)/Skeleton3D" index="11"]
transform = Transform3D(0.0808884, -0.954792, 0.286288, 0.8615, -0.0772441, -0.500945, 0.500551, 0.287209, 0.816174, -0.273699, 1.54487, -0.137077)
joint_offset = Transform3D(1, 0, 0, 0, 1, 0, 0, 0, 1, 0.247938, -0.0515801, 0.312497)
body_offset = Transform3D(0.0820968, -0.163918, -0.982532, -0.881772, 0.447175, -0.148398, 0.463696, 0.879345, -0.107959, 0.278228, 0.288064, -0.0358742)

[node name="Physical Bone Right elbow" parent="untitled/untitled/Armature (Mecha g)/Skeleton3D" index="12"]
transform = Transform3D(-0.0358671, -0.972896, -0.224518, 0.998892, -0.0455494, 0.0443492, -0.0495282, -0.223272, 0.964858, -0.166285, 1.63041, -0.25503)
joint_offset = Transform3D(1, 0, 0, 0, 1, 0, 0, 0, 1, -0.277144, 0.0614806, 0.350149)
body_offset = Transform3D(-0.0624665, 0.50083, -0.855606, -0.938652, 0.265481, 0.216509, 0.341401, 0.822885, 0.452093, 0.251486, -0.352274, -0.114274)

[node name="Physical Bone Right wrist" parent="untitled/untitled/Armature (Mecha g)/Skeleton3D" index="13"]
transform = Transform3D(-0.438779, -0.877761, 0.195558, 0.812959, -0.480212, -0.330744, 0.384252, 0.013775, 0.923543, -0.462043, 1.87572, -0.10604)
joint_offset = Transform3D(1, 0, 0, 0, 1, 0, 0, 0, 1, -0.541433, 0.256604, 0.475459)
body_offset = Transform3D(-0.396298, 0.452356, -0.799554, -0.664767, 0.459923, 0.589294, 0.634122, 0.76492, 0.118377, 0.04951, -0.75813, 0.0907693)

[node name="Physical Bone Left leg" parent="untitled/untitled/Armature (Mecha g)/Skeleton3D" index="14"]
transform = Transform3D(0.948868, -0.308325, -0.0668077, -0.315542, -0.933748, -0.173829, -0.00865062, 0.186055, -0.98248, 0.111369, 0.949139, 0.188262)
joint_offset = Transform3D(1, 0, 0, 0, 1, 0, 0, 0, 1, 4.04865e-05, -0.000741497, 0.204099)
body_offset = Transform3D(0.876382, -0.463094, 0.131994, 0.422654, 0.608806, -0.671895, 0.230887, 0.645341, 0.728754, -0.0273187, 0.137568, -0.148269)

[node name="Physical Bone Left knee" parent="untitled/untitled/Armature (Mecha g)/Skeleton3D" index="15"]
transform = Transform3D(0.935186, 0.154563, 0.318365, -0.329717, 0.0527242, 0.942417, 0.129003, -0.986039, 0.100559, 0.0551999, 0.7709, 0.479011)
joint_offset = Transform3D(1, 0, 0, 0, 1, 0, 0, 0, 1, 0.146997, 0.192969, -0.0600076)
body_offset = Transform3D(0.915425, 0.114114, 0.385737, 0.256074, 0.574005, -0.777554, -0.310404, 0.810209, 0.496221, -0.133438, -0.195066, -0.0809395)

[node name="Physical Bone Left ankle" parent="untitled/untitled/Armature (Mecha g)/Skeleton3D" index="16"]
transform = Transform3D(0.911059, -0.260742, 0.318483, -0.353705, -0.891573, 0.281852, 0.210439, -0.369707, -0.904933, -0.0842128, 0.563597, 0.570134)
joint_offset = Transform3D(1, 0, 0, 0, 1, 0, 0, 0, 1, 0.253252, 0.278955, 0.50614)
body_offset = Transform3D(0.914698, -0.263605, 0.305426, 0.394275, 0.423887, -0.815092, 0.0854161, 0.866259, 0.492053, -0.312703, 0.194454, -0.512327)

[node name="Physical Bone Left toe" parent="untitled/untitled/Armature (Mecha g)/Skeleton3D" index="17"]
transform = Transform3D(-0.900922, 0.417109, 0.116013, 0.326724, 0.828595, -0.451351, -0.285285, -0.368071, -0.883454, -0.161266, 0.564623, 0.68169)
joint_offset = Transform3D(1, 0, 0, 0, 1, 0, 0, 0, 1, -0.367025, -0.020257, 0.611073)
body_offset = Transform3D(0.915495, -0.398284, -0.0494949, -0.232933, -0.424604, -0.873288, 0.327732, 0.810621, -0.482271, 0.358187, 0.439549, 0.431409)

[node name="Physical Bone Right leg" parent="untitled/untitled/Armature (Mecha g)/Skeleton3D" index="18"]
transform = Transform3D(0.750563, -0.481865, 0.453241, -0.528866, -0.848953, -0.0266641, 0.397632, -0.220016, -0.891385, -0.190761, 0.919254, 0.169327)
joint_offset = Transform3D(1, 0, 0, 0, 1, 0, 0, 0, 1, -5.69411e-06, -0.000615232, 0.204019)
body_offset = Transform3D(0.96722, -0.158627, 0.201082, 0.238901, 0.841855, -0.484821, -0.0925578, 0.517146, 0.851599, -0.0411167, 0.0994321, -0.173425)

[node name="Physical Bone Right knee" parent="untitled/untitled/Armature (Mecha g)/Skeleton3D" index="19"]
transform = Transform3D(0.893345, 0.439315, 0.0963092, -0.30657, 0.43897, 0.844169, 0.328561, -0.783925, 0.526855, -0.350411, 0.703095, 0.321069)
joint_offset = Transform3D(1, 0, 0, 0, 1, 0, 0, 0, 1, 0.0380283, 0.127463, -0.202123)
body_offset = Transform3D(0.999757, -0.00879741, 0.0204767, 0.0218683, 0.540519, -0.840938, -0.00321667, 0.841423, 0.540256, -0.032759, -0.239701, 0.00206971)

[node name="Physical Bone Right ankle" parent="untitled/untitled/Armature (Mecha g)/Skeleton3D" index="20"]
transform = Transform3D(0.884394, -0.0655756, 0.463769, -0.183875, -0.958723, 0.215299, 0.431153, -0.276032, -0.859163, -0.479314, 0.610039, 0.267769)
joint_offset = Transform3D(1, 0, 0, 0, 1, 0, 0, 0, 1, 0.072262, 0.326061, 0.486791)
body_offset = Transform3D(0.989506, -0.151321, -0.00110385, 0.0866664, 0.574501, -0.813428, 0.123383, 0.804173, 0.581318, -0.0216265, 0.202384, -0.554105)

[node name="Physical Bone Right toe" parent="untitled/untitled/Armature (Mecha g)/Skeleton3D" index="21"]
transform = Transform3D(-0.879131, 0.379565, 0.287057, 0.179696, 0.821912, -0.538638, -0.440768, -0.421928, -0.79219, -0.55455, 0.610872, 0.405229)
joint_offset = Transform3D(1, 0, 0, 0, 1, 0, 0, 0, 1, -0.0973235, -0.0769274, 0.660168)
body_offset = Transform3D(0.98821, -0.107773, 0.106053, 0.0236501, -0.581618, -0.812949, 0.149395, 0.804821, -0.572681, 0.0178728, 0.494242, 0.454518)

[node name="Physical Bone Spine001" parent="untitled/untitled/Armature (Mecha g)/Skeleton3D" index="22"]
transform = Transform3D(0.980906, 0.182001, -0.070027, -0.10966, 0.81143, 0.574338, 0.161298, -0.555714, 0.815777, 0.0332828, 0.754106, -0.345371)
joint_offset = Transform3D(1, 0, 0, 0, 1, 0, 0, 0, 1, -2.42218e-05, 0.000576604, 0.169146)
body_offset = Transform3D(1.00011, -7.77841e-06, 3.89367e-05, 0.000127628, 2.31862e-05, -1.00013, -8.3521e-05, 1.00018, -2.5928e-05, 1.7643e-05, 0.169168, -0.000572324)

[node name="Physical Bone Spine002" parent="untitled/untitled/Armature (Mecha g)/Skeleton3D" index="23"]
transform = Transform3D(0.987807, 0.153227, -0.0266765, -0.152167, 0.987314, 0.0319126, 0.0347024, -0.0322912, 0.848177, 0.0538206, 0.645079, -0.775767)
joint_offset = Transform3D(1, 0, 0, 0, 1, 0, 0, 0, 1, 0.000292894, 0.00176314, 0.345044)
body_offset = Transform3D(1.00006, -2.25115e-05, -0.00177955, -7.22706e-06, 7.33566e-05, -0.849194, 2.48479e-05, 0.999655, 9.38829e-05, 0.00032115, 0.293009, -0.00179493)

[node name="Physical Bone Spine003" parent="untitled/untitled/Armature (Mecha g)/Skeleton3D" index="24"]
transform = Transform3D(0.989283, 0.150663, -0.0194351, -0.151659, 0.985687, -0.07781, 0.00769254, 0.0803822, 0.992423, 0.0726814, 0.687958, -1.62214)
joint_offset = Transform3D(1, 0, 0, 0, 1, 0, 0, 0, 1, -0.000183626, 1.84944e-05, 0.186919)
body_offset = Transform3D(1.00087, 6.59609e-05, -1.46776e-06, -0.000210412, -6.34566e-05, -0.995658, 0.000113001, 1.00037, 8.54433e-05, 0.000184059, 0.186107, -3.44515e-05)

[node name="Area3D" parent="untitled/untitled" index="2"]
collision_layer = 7

[node name="RigidBody3D" parent="." instance=ExtResource("4_f1ch3")]
transform = Transform3D(1, 0, 0, 0, 1, 0, 0, 0, 1, -5.55503, -0.693121, 3)

[node name="CSGCombiner3D" type="CSGCombiner3D" parent="."]

[node name="env_item_fridge" parent="." instance=ExtResource("5_b5jrv")]
transform = Transform3D(-0.00603879, 0, -0.999982, 0, 1, 0, 0.999982, 0, -0.00603879, -2.84274, -2, -11.4489)

[node name="Node3D2" parent="." instance=ExtResource("6_bxryp")]
transform = Transform3D(1, 0, 0, 0, 1, 0, 0, 0, 1, 2.63836, -2, 5.44145)

[node name="tv" parent="." instance=ExtResource("8_s2bro")]
transform = Transform3D(1, 0, 0, 0, 1, 0, 0, 0, 1, 7.25742, -0.574368, 5.24365)

[node name="tv2" parent="." instance=ExtResource("8_s2bro")]
transform = Transform3D(1, 0, 0, 0, 1, 0, 0, 0, 1, 8, -0.601321, -3.72968)

[node name="house_meshes_with_items" parent="." instance=ExtResource("7_kjfmu")]

[node name="Cylinder002__0001" parent="house_meshes_with_items/Low-Poly basic floor lamp/Cylinder002" index="1"]
surface_material_override/0 = SubResource("StandardMaterial3D_h5r0s")

[node name="Cylinder002__0003" parent="house_meshes_with_items/Low-Poly basic floor lamp/Cylinder002" index="3"]
layers = 4

[node name="ChamferBox02" parent="house_meshes_with_items/Office Computer/SANDALI" index="4"]
visible = false

[node name="CSGBox3D" type="CSGBox3D" parent="house_meshes_with_items"]
transform = Transform3D(1, 0, 0, 0, 1, 0, 0, 0, 1, 10.3823, 0, 0)
visible = false
use_collision = true
collision_layer = 7
collision_mask = 3
size = Vector3(1.24662, 1.14764, 5.079)

[node name="CSGBox3D2" type="CSGBox3D" parent="house_meshes_with_items"]
transform = Transform3D(1, 0, 0, 0, 1, 0, 0, 0, 1, -6.1813, -1.42578, -11.8297)
visible = false
use_collision = true
collision_layer = 7
collision_mask = 3
size = Vector3(4.3907, 1.14764, 2.19178)

[node name="CSGBox3D3" type="CSGBox3D" parent="house_meshes_with_items"]
transform = Transform3D(-4.37114e-08, 0, 1, 0, 1, 0, -1, 0, -4.37114e-08, -8.44788, -1.72071, -9.45698)
visible = false
use_collision = true
collision_layer = 7
collision_mask = 3
size = Vector3(6.78634, 1.74758, 1.66863)

[node name="CSGBox3D4" type="CSGBox3D" parent="house_meshes_with_items"]
transform = Transform3D(-4.37114e-08, 0, 1, 0, 1, 0, -1, 0, -4.37114e-08, -5.1678, -1.73009, 4.05715)
visible = false
use_collision = true
collision_layer = 7
collision_mask = 3
size = Vector3(1.73891, 1.74758, 3.28912)

[node name="CSGBox3D5" type="CSGBox3D" parent="house_meshes_with_items"]
transform = Transform3D(0.74353, 0, 0.668703, 0, 1, 0, -0.668703, 0, 0.74353, 5.4034, -1.73009, 3.73341)
visible = false
use_collision = true
collision_layer = 7
collision_mask = 3
size = Vector3(1.2489, 1.74758, 1.33577)

[node name="CSGBox3D6" type="CSGBox3D" parent="house_meshes_with_items"]
transform = Transform3D(0.454721, 0, 0.890634, 0, 1, 0, -0.890634, 0, 0.454721, 7.64734, -1.73009, 5.58611)
visible = false
use_collision = true
collision_layer = 7
collision_mask = 3
size = Vector3(2.37613, 1.74758, 1.33577)

[node name="CSGBox3D7" type="CSGBox3D" parent="house_meshes_with_items"]
transform = Transform3D(-0.0305211, 0, 0.999534, 0, 1, 0, -0.999534, 0, -0.0305211, 8.44035, -1.4779, -2.62766)
visible = false
use_collision = true
collision_layer = 7
collision_mask = 3
size = Vector3(2.37613, 1.74758, 1.33577)

[node name="CSGBox3D8" type="CSGBox3D" parent="house_meshes_with_items"]
transform = Transform3D(-0.0305211, 0, 0.999534, 0, 1, 0, -0.999534, 0, -0.0305211, 8.25434, -1.7807, -8.71927)
visible = false
use_collision = true
collision_layer = 7
collision_mask = 3
size = Vector3(3.35468, 1.74758, 1.33577)

[node name="CSGBox3D9" type="CSGBox3D" parent="house_meshes_with_items"]
transform = Transform3D(-0.0305211, 0, 0.999534, 0, 1, 0, -0.999534, 0, -0.0305211, 6.74582, -1.7807, -9.20256)
visible = false
use_collision = true
collision_layer = 7
collision_mask = 3
size = Vector3(1.16181, 1.74758, 1.33577)

[node name="CSGBox3D10" type="CSGBox3D" parent="house_meshes_with_items"]
transform = Transform3D(-0.0305211, 0, 0.999534, 0, 1, 0, -0.999534, 0, -0.0305211, 6.79772, -1.7807, -7.50303)
visible = false
use_collision = true
collision_layer = 7
collision_mask = 3
size = Vector3(0.667681, 1.74758, 1.33577)

[node name="CSGBox3D11" type="CSGBox3D" parent="house_meshes_with_items"]
transform = Transform3D(-0.0305211, 0, 0.999534, 0, 1, 0, -0.999534, 0, -0.0305211, 2.43196, -1.7807, -6.38301)
visible = false
use_collision = true
collision_layer = 7
collision_mask = 3
size = Vector3(0.954175, 3.02287, 2.88442)

[node name="CSGBox3D12" type="CSGBox3D" parent="house_meshes_with_items"]
transform = Transform3D(-0.0305211, 0, 0.999534, 0, 1, 0, -0.999534, 0, -0.0305211, 2.27033, -1.7807, -11.6761)
visible = false
use_collision = true
collision_layer = 7
collision_mask = 3
size = Vector3(1.99562, 1.13893, 4.32191)

[node name="cereal" parent="." instance=ExtResource("9_qph82")]
transform = Transform3D(0.456399, 0, 0.889775, 0, 1, 0, -0.889775, 0, 0.456399, -7.8167, -0.387366, -8.45286)

[node name="milk" parent="." instance=ExtResource("10_veexa")]
transform = Transform3D(1, 0, 0, 0, 1, 0, 0, 0, 1, -7.67444, 0, -7.72406)

[node name="RigidBody3D2" parent="." instance=ExtResource("11_v2hmo")]
transform = Transform3D(1, 0, 0, 0, 1, 0, 0, 0, 1, -5.27999, -0.198928, -11.1154)

[node name="pillow_1" parent="." instance=ExtResource("12_piopk")]
transform = Transform3D(1, 0, 0, 0, 1, 0, 0, 0, 1, 5.03464, -0.5771, 2.55401)

[node name="pillow_2" parent="." instance=ExtResource("12_piopk")]
transform = Transform3D(1, 0, 0, 0, 1, 0, 0, 0, 1, 3.93313, -0.717986, -11.4588)

[node name="Node3D3" parent="." instance=ExtResource("13_h1oml")]
transform = Transform3D(1, 0, 0, 0, 1, 0, 0, 0, 1, 4.90179, -2, -1.96846)

[node name="rain" parent="." instance=ExtResource("14_om8kc")]
transform = Transform3D(1, 0, 0, 0, 1, 0, 0, 0, 1, 3.75325, 0, 17.6641)

[node name="rain2" parent="." instance=ExtResource("14_om8kc")]
transform = Transform3D(1, 0, 0, 0, 1, 0, 0, 0, 1, 19.5577, 0, 4.20738)

[node name="rain3" parent="." instance=ExtResource("14_om8kc")]
transform = Transform3D(1, 0, 0, 0, 1, 0, 0, 0, 1, 22.4362, 0, -14.7986)

[node name="rain4" parent="." instance=ExtResource("14_om8kc")]
transform = Transform3D(1, 0, 0, 0, 1, 0, 0, 0, 1, 3.99052, 0, -23.0942)

[node name="Area3D" type="Area3D" parent="."]
script = ExtResource("15_vjyon")

[node name="CollisionShape3D" type="CollisionShape3D" parent="Area3D"]
transform = Transform3D(1, 0, 0, 0, 1, 0, 0, 0, 1, 5.95904, 0, 4.33785)
shape = SubResource("BoxShape3D_lgqmg")

[connection signal="animation_started" from="untitled/untitled/AnimationPlayer" to="untitled" method="_on_animation_player_animation_started"]
[connection signal="body_exited" from="untitled/untitled/Area3D" to="untitled/untitled/Armature (Mecha g)/Skeleton3D/BoneAttachment3D" method="_on_area_3d_body_exited"]
[connection signal="body_entered" from="Area3D" to="Area3D" method="_on_body_entered"]

[editable path="coffee"]
[editable path="coffee2"]
[editable path="coffee3"]
[editable path="untitled"]
[editable path="untitled/untitled"]
[editable path="house_meshes_with_items"]
