[gd_scene load_steps=10 format=3 uid="uid://btp5snpmod6i"]

[ext_resource type="Texture2D" uid="uid://d3uyn04t7gn5i" path="res://textures/Orange/texture_01.png" id="2_547ht"]
[ext_resource type="PackedScene" uid="uid://dynlqlpmlpa5p" path="res://ITEMS/coffee_cup.tscn" id="3_ln8wc"]
[ext_resource type="PackedScene" uid="uid://bqv7os70gkkry" path="res://animations/character_movement_2.tscn" id="3_pbcwd"]

[sub_resource type="Environment" id="Environment_cm4hq"]
volumetric_fog_enabled = true

[sub_resource type="CameraAttributesPractical" id="CameraAttributesPractical_ugn23"]

[sub_resource type="ImageTexture3D" id="ImageTexture3D_alsww"]

[sub_resource type="FogMaterial" id="FogMaterial_ush73"]
density = 3.4242
emission = Color(0.666667, 0.666667, 0.666667, 1)
density_texture = SubResource("ImageTexture3D_alsww")

[sub_resource type="ShaderMaterial" id="ShaderMaterial_1dirg"]

[sub_resource type="StandardMaterial3D" id="StandardMaterial3D_l1td8"]
albedo_texture = ExtResource("2_547ht")
uv1_triplanar = true

[node name="WorldEnvironment" type="WorldEnvironment"]
environment = SubResource("Environment_cm4hq")
camera_attributes = SubResource("CameraAttributesPractical_ugn23")

[node name="Node3D" type="Node3D" parent="."]

[node name="OmniLight3D" type="OmniLight3D" parent="Node3D"]
transform = Transform3D(1, 0, 0, 0, 1, 0, 0, 0, 1, 0, 0.97587, 0)
omni_range = 4.0

[node name="FogVolume" type="FogVolume" parent="Node3D"]
transform = Transform3D(1, 0, 0, 0, 1, 0, 0, 0, 1, -13, -1.02413, 0)
size = Vector3(7, 1, 5)
material = SubResource("FogMaterial_ush73")

[node name="OmniLight3D2" type="OmniLight3D" parent="Node3D"]
transform = Transform3D(1, 0, 0, 0, 1, 0, 0, 0, 1, -12, 0.97587, 0)
light_color = Color(0.145098, 1, 0.133333, 1)

[node name="CSGBox3D2" type="CSGBox3D" parent="Node3D"]
transform = Transform3D(1, 0, 0, 0, 1, 0, 0, 0, 1, -11, 0, 0)
material_override = SubResource("ShaderMaterial_1dirg")
material_overlay = SubResource("StandardMaterial3D_l1td8")
use_collision = true
collision_layer = 7
collision_mask = 3
size = Vector3(12, 8, 8)

[node name="CSGBox3D5" type="CSGBox3D" parent="Node3D/CSGBox3D2"]
transform = Transform3D(1, 0, 0, 0, 1, 0, 0, 0, 1, 1, 0, -4)
operation = 2
size = Vector3(2, 4, 4)

[node name="CSGBox3D2" type="CSGBox3D" parent="Node3D/CSGBox3D2"]
operation = 2
size = Vector3(8, 4, 6)

[node name="CSGBox3D3" type="CSGBox3D" parent="Node3D/CSGBox3D2"]
transform = Transform3D(1, 0, 0, 0, 1, 0, 0, 0, 1, 4, 0, -1)
operation = 2
size = Vector3(6, 4, 2)

[node name="CSGBox3D3" type="CSGBox3D" parent="Node3D"]
transform = Transform3D(1, 0, 0, 0, 1, 0, 0, 0, 1, -5, 0, -7)
material_override = SubResource("ShaderMaterial_1dirg")
material_overlay = SubResource("StandardMaterial3D_l1td8")
use_collision = true
collision_layer = 7
collision_mask = 3
size = Vector3(22, 8, 6)

[node name="CSGBox3D2" type="CSGBox3D" parent="Node3D/CSGBox3D3"]
transform = Transform3D(1, 0, 0, 0, 1, 0, 0, 0, 1, 1, 0, 1)
operation = 2
size = Vector3(16, 4, 4)

[node name="CSGBox3D" type="CSGBox3D" parent="Node3D"]
material_override = SubResource("ShaderMaterial_1dirg")
material_overlay = SubResource("StandardMaterial3D_l1td8")
use_collision = true
collision_layer = 7
collision_mask = 3
size = Vector3(12, 8, 8)

[node name="CSGBox3D2" type="CSGBox3D" parent="Node3D/CSGBox3D"]
operation = 2
size = Vector3(10, 4, 6)

[node name="CSGBox3D3" type="CSGBox3D" parent="Node3D/CSGBox3D"]
transform = Transform3D(1, 0, 0, 0, 1, 0, 0, 0, 1, -5, 0, -1)
operation = 2
size = Vector3(2, 4, 2)

[node name="CSGBox3D4" type="CSGBox3D" parent="Node3D/CSGBox3D"]
transform = Transform3D(1, 0, 0, 0, 1, 0, 0, 0, 1, 1, 0, -4)
operation = 2
size = Vector3(2, 4, 4)

[node name="coffee" parent="." instance=ExtResource("3_ln8wc")]
unique_name_in_owner = true
transform = Transform3D(1, 0, 0, 0, 1, 0, 0, 0, 1, -2.26213, -0.815835, -0.248327)

[node name="coffee2" parent="." instance=ExtResource("3_ln8wc")]
transform = Transform3D(1, 0, 0, 0, 1, 0, 0, 0, 1, -2.26213, -0.815835, 0.839926)

[node name="coffee3" parent="." instance=ExtResource("3_ln8wc")]
transform = Transform3D(1, 0, 0, 0, 1, 0, 0, 0, 1, -2.26213, -0.815835, 1.75728)

[node name="untitled" parent="." instance=ExtResource("3_pbcwd")]
transform = Transform3D(1, 0, 0, 0, 1, 0, 0, 0, 1, -0.994941, -0.833669, 1.44332)

[node name="Armature (Mecha g)" parent="untitled/untitled" index="0"]
transform = Transform3D(0.9953, 0.0140281, -0.0958289, -0.014087, 0.999899, 6.2449e-05, 0.0958203, 0.00128778, 0.995399, -0.0222374, -0.0447184, 0.00873195)

[node name="Skeleton3D" parent="untitled/untitled/Armature (Mecha g)" index="0"]
bones/1/rotation = Quaternion(0.727093, 0.00448737, 0.00839447, 0.686473)
bones/2/rotation = Quaternion(0.00251662, 0.017032, 0.0292321, 0.999424)
bones/3/rotation = Quaternion(0.102517, 0.00373752, 0.0125698, 0.994645)
bones/4/rotation = Quaternion(-0.115694, 0.00391666, 0.0125152, 0.993198)
bones/5/rotation = Quaternion(-0.0137681, 0.00261946, 0.0128494, 0.999819)
bones/6/rotation = Quaternion(-0.466065, -0.545658, -0.440367, 0.539553)
bones/7/rotation = Quaternion(-0.652108, 0.122373, -0.245302, 0.706828)
bones/8/rotation = Quaternion(-0.00330709, -0.0490706, -0.0942613, 0.994332)
bones/9/rotation = Quaternion(-0.0667328, 0.0161404, -0.103696, 0.992237)
bones/11/rotation = Quaternion(-0.489373, 0.53371, 0.505986, 0.468664)
bones/12/rotation = Quaternion(-0.627542, -0.0698951, 0.10318, 0.768543)
bones/13/rotation = Quaternion(-0.00013829, 0.0492871, 0.0112366, 0.998722)
bones/14/rotation = Quaternion(0.00130186, -0.128771, -0.00181708, 0.991672)
bones/16/rotation = Quaternion(-0.899342, -0.187646, -0.0385927, 0.393044)
bones/17/rotation = Quaternion(0.590214, 0.0450663, 0.0173821, 0.805801)
bones/18/rotation = Quaternion(-0.607735, -0.0263753, 0.0667128, 0.790893)
bones/19/rotation = Quaternion(-0.000178669, -0.932519, 0.361121, 0.000597614)
bones/21/rotation = Quaternion(-0.869035, 0.0955839, 0.00587342, 0.485394)
bones/22/rotation = Quaternion(0.608955, 0.03911, -0.0592528, 0.790021)
bones/23/rotation = Quaternion(-0.694409, 0.0162977, -0.00479632, 0.71938)
bones/24/rotation = Quaternion(-1.12125e-06, 0.926897, -0.375316, 3.63036e-06)

[node name="Physical Bone Hips" parent="untitled/untitled/Armature (Mecha g)/Skeleton3D" index="1"]
transform = Transform3D(-0.999488, 0.000105374, 0.000170504, -1.63311e-05, -0.0362493, -0.997894, -3.85419e-05, -1.0001, 0.0357125, 0.00148726, 0.671487, -0.0148118)
joint_offset = Transform3D(1, 0, 0, 0, 1, 0, 0, 0, 1, 0.00144534, -0.0110874, -0.242962)
body_offset = Transform3D(-0.999488, 0.000105366, 0.000170502, 3.85344e-05, 1.0001, -0.0357125, -1.63293e-05, -0.0362493, -0.997894, 0.0014872, 0.00241172, -0.242852)

[node name="Physical Bone Spine" parent="untitled/untitled/Armature (Mecha g)/Skeleton3D" index="2"]
transform = Transform3D(0.999909, 0.0320035, -0.0108386, -0.00481502, -0.183318, -0.984233, -0.0332981, 0.98433, -0.183041, 0.00212651, 1.2518, 0.0209368)
joint_offset = Transform3D(1, 0, 0, 0, 1, 0, 0, 0, 1, 0.000131605, 4.81866e-06, 0.208349)
body_offset = Transform3D(1.0003, 0.0131216, -0.0134835, -0.0117199, -0.126604, -0.993059, -0.014595, 0.993647, -0.126444, 0.00267756, 0.206905, 0.0263416)

[node name="Physical Bone Chest" parent="untitled/untitled/Armature (Mecha g)/Skeleton3D" index="3"]
transform = Transform3D(0.986261, 0.130974, 0.103805, 0.150498, -0.426324, -0.892546, -0.0726703, 0.89578, -0.440193, -0.00515783, 1.54209, 0.101434)
joint_offset = Transform3D(1, 0, 0, 0, 1, 0, 0, 0, 1, -0.0016958, -0.0514001, 0.110468)
body_offset = Transform3D(0.996438, 0.0587953, 0.0655339, 0.0828543, -0.37514, -0.923829, -0.0297969, 0.925819, -0.378719, -0.00252753, 0.0829116, 0.0893729)

[node name="Physical Bone Neck" parent="untitled/untitled/Armature (Mecha g)/Skeleton3D" index="4"]
transform = Transform3D(0.979081, 0.0743599, 0.189028, 0.175539, -0.777807, -0.60287, 0.102174, 0.62363, -0.774659, -0.0328814, 1.68047, 0.207246)
joint_offset = Transform3D(1, 0, 0, 0, 1, 0, 0, 0, 1, -0.0051274, -0.0975673, 0.1634)
body_offset = Transform3D(0.984518, -0.0300855, 0.172309, 0.122239, -0.58586, -0.800642, 0.125044, 0.809499, -0.573204, -0.0260425, 0.0742905, 0.173283)

[node name="Physical Bone Head" parent="untitled/untitled/Armature (Mecha g)/Skeleton3D" index="5"]
transform = Transform3D(0.947863, -0.0524249, 0.316572, 0.151933, -0.794864, -0.58711, 0.282724, 0.604072, -0.745252, -0.0801446, 1.78321, 0.32813)
joint_offset = Transform3D(1, 0, 0, 0, 1, 0, 0, 0, 1, -0.0172776, -0.196081, 0.185044)
body_offset = Transform3D(0.942014, -0.179381, 0.285874, 0.0523716, -0.758195, -0.649676, 0.333658, 0.626436, -0.704637, -0.0717968, -0.027544, 0.258986)

[node name="Physical Bone Left shoulder" parent="untitled/untitled/Armature (Mecha g)/Skeleton3D" index="6"]
transform = Transform3D(-0.177874, -0.315104, -0.932062, -0.406766, 0.886045, -0.221768, 0.896083, 0.3397, -0.285697, 0.081412, 1.6039, 0.144154)
joint_offset = Transform3D(1, 0, 0, 0, 1, 0, 0, 0, 1, -0.0966737, -0.0151598, 0.115745)
body_offset = Transform3D(0.892695, 0.294018, -0.341498, -0.323765, -0.109015, -0.939637, -0.313584, 0.949437, -0.00197885, 0.130284, 0.0758062, -0.015693)

[node name="Physical Bone Left arm" parent="untitled/untitled/Armature (Mecha g)/Skeleton3D" index="7"]
transform = Transform3D(-0.359721, 0.874627, -0.324621, -0.541098, 0.087802, 0.836164, 0.759977, 0.476406, 0.441778, 0.24009, 1.47483, 0.100231)
joint_offset = Transform3D(1, 0, 0, 0, 1, 0, 0, 0, 1, -0.140443, -0.085923, 0.126609)
body_offset = Transform3D(0.8419, 0.0105245, 0.539346, 0.523074, 0.228037, -0.821009, -0.131716, 0.973413, 0.186462, 0.0508568, 0.197003, 0.0415322)

[node name="Physical Bone Left elbow" parent="untitled/untitled/Armature (Mecha g)/Skeleton3D" index="8"]
transform = Transform3D(-0.421565, 0.887233, -0.194716, -0.0101579, 0.209753, 0.977495, 0.919605, 0.413087, -0.0787201, 0.304327, 1.26287, 0.0493196)
joint_offset = Transform3D(1, 0, 0, 0, 1, 0, 0, 0, 1, 0.0210551, -0.0157261, 0.0755796)
body_offset = Transform3D(0.987834, 0.0270622, 0.214278, 0.213855, 0.0976594, -0.97248, -0.0440848, 0.995766, 0.0893072, -0.0365684, 0.0705327, 0.00983793)

[node name="Physical Bone Left wrist" parent="untitled/untitled/Armature (Mecha g)/Skeleton3D" index="9"]
transform = Transform3D(-0.189299, 0.968961, -0.158658, 0.589885, 0.241304, 0.770532, 0.785075, 0.052277, -0.617362, 0.363344, 1.07188, 0.142119)
joint_offset = Transform3D(1, 0, 0, 0, 1, 0, 0, 0, 1, 0.0277203, -0.0411991, 0.0586907)
body_offset = Transform3D(0.939512, -0.323532, -0.113124, -0.191003, -0.220367, -0.956505, 0.284563, 0.920115, -0.26894, -0.0327334, 0.0523537, 0.045804)

[node name="Physical Bone Right shoulder" parent="untitled/untitled/Armature (Mecha g)/Skeleton3D" index="10"]
transform = Transform3D(-0.564861, -0.321196, 0.76043, 0.256288, 0.806157, 0.53183, -0.784944, 0.494474, -0.373658, -0.0767186, 1.51768, 0.162415)
joint_offset = Transform3D(1, 0, 0, 0, 1, 0, 0, 0, 1, 0.0999174, -0.0206537, 0.144141)
body_offset = Transform3D(0.853973, -0.442128, 0.275037, 0.440954, 0.331993, -0.834156, 0.277808, 0.831784, 0.478805, -0.134102, 0.0830336, -0.0795937)

[node name="Physical Bone Right arm" parent="untitled/untitled/Armature (Mecha g)/Skeleton3D" index="11"]
transform = Transform3D(-0.314423, -0.732282, 0.60388, 0.111866, 0.603311, 0.789122, -0.942259, 0.316006, -0.107961, -0.345601, 1.38881, 0.255612)
joint_offset = Transform3D(1, 0, 0, 0, 1, 0, 0, 0, 1, 0.176399, -0.0511646, 0.271348)
body_offset = Transform3D(0.987965, -0.0413715, -0.146292, -0.148047, -0.483578, -0.862178, -0.0351591, 0.874369, -0.484033, -0.136696, 0.235323, 0.18228)

[node name="Physical Bone Right elbow" parent="untitled/untitled/Armature (Mecha g)/Skeleton3D" index="12"]
transform = Transform3D(-0.622976, -0.78191, -0.0257709, -0.605772, 0.462552, 0.639506, -0.496406, 0.41586, -0.757279, -0.358955, 1.22963, 0.402814)
joint_offset = Transform3D(1, 0, 0, 0, 1, 0, 0, 0, 1, 0.0694517, -0.216776, 0.274276)
body_offset = Transform3D(0.68943, -0.210605, 0.690454, 0.618976, -0.326981, -0.705683, 0.378196, 0.92033, -0.0915959, -0.282911, 0.079681, 0.198362)

[node name="Physical Bone Right wrist" parent="untitled/untitled/Armature (Mecha g)/Skeleton3D" index="13"]
transform = Transform3D(-0.725773, -0.682413, -0.0914718, -0.657522, 0.647878, 0.385226, -0.203585, 0.339747, -0.91853, -0.334488, 1.13209, 0.631406)
joint_offset = Transform3D(1, 0, 0, 0, 1, 0, 0, 0, 1, 0.119442, -0.28927, 0.452488)
body_offset = Transform3D(0.563501, 0.042329, 0.825376, 0.714402, -0.527127, -0.460646, 0.415482, 0.849239, -0.327143, -0.428534, -0.029375, 0.344062)

[node name="Physical Bone Left leg" parent="untitled/untitled/Armature (Mecha g)/Skeleton3D" index="14"]
transform = Transform3D(0.948266, -0.257934, -0.184779, -0.261896, -0.96589, 0.00415327, -0.179358, 0.0443081, -0.982724, 0.135489, 0.912784, 0.18822)
joint_offset = Transform3D(1, 0, 0, 0, 1, 0, 0, 0, 1, 3.73721e-05, -0.000743479, 0.204106)
body_offset = Transform3D(0.876946, -0.462135, 0.131557, 0.418868, 0.601474, -0.680737, 0.235545, 0.65276, 0.720554, -0.0272279, 0.139374, -0.146593)

[node name="Physical Bone Left knee" parent="untitled/untitled/Armature (Mecha g)/Skeleton3D" index="15"]
transform = Transform3D(0.97917, -0.0918087, 0.180764, -0.189055, -0.090934, 0.97757, -0.0733379, -0.99105, -0.106168, 0.132764, 0.732818, 0.432787)
joint_offset = Transform3D(1, 0, 0, 0, 1, 0, 0, 0, 1, 0.146145, 0.189014, -0.0575331)
body_offset = Transform3D(0.915304, 0.110232, 0.387111, 0.258754, 0.575345, -0.775659, -0.308478, 0.809756, 0.498085, -0.132331, -0.19119, -0.079316)

[node name="Physical Bone Left ankle" parent="untitled/untitled/Armature (Mecha g)/Skeleton3D" index="16"]
transform = Transform3D(0.958127, -0.281822, 0.0448919, -0.284565, -0.932001, 0.223267, -0.0211059, -0.226965, -0.97361, 0.0838811, 0.510554, 0.600729)
joint_offset = Transform3D(1, 0, 0, 0, 1, 0, 0, 0, 1, 0.253153, 0.274484, 0.504091)
body_offset = Transform3D(0.914703, -0.267728, 0.301822, 0.392794, 0.420456, -0.817576, 0.0919882, 0.866661, 0.490156, -0.310218, 0.197287, -0.508255)

[node name="Physical Bone Left toe" parent="untitled/untitled/Armature (Mecha g)/Skeleton3D" index="17"]
transform = Transform3D(-0.958973, 0.236681, -0.155282, 0.282438, 0.84153, -0.457897, 0.0223507, -0.482119, -0.874226, 0.0824135, 0.492788, 0.770847)
joint_offset = Transform3D(1, 0, 0, 0, 1, 0, 0, 0, 1, -0.366463, -0.0180218, 0.605236)
body_offset = Transform3D(0.915565, -0.39899, -0.0440983, -0.227272, -0.422544, -0.875929, 0.331644, 0.811722, -0.478389, 0.35502, 0.439242, 0.425702)

[node name="Physical Bone Right leg" parent="untitled/untitled/Armature (Mecha g)/Skeleton3D" index="18"]
transform = Transform3D(0.900526, -0.256995, 0.352099, -0.253439, -0.966199, -0.056762, 0.354773, -0.0384666, -0.934645, -0.170012, 0.925316, 0.178246)
joint_offset = Transform3D(1, 0, 0, 0, 1, 0, 0, 0, 1, 2.10665e-05, -0.000629134, 0.20401)
body_offset = Transform3D(0.967029, -0.158934, 0.201543, 0.239905, 0.83857, -0.489827, -0.0913365, 0.522117, 0.84865, -0.0412372, 0.100452, -0.172803)

[node name="Physical Bone Right knee" parent="untitled/untitled/Armature (Mecha g)/Skeleton3D" index="19"]
transform = Transform3D(0.972345, 0.232095, -0.0290333, -0.0117778, 0.174075, 0.984412, 0.233311, -0.957113, 0.172136, -0.240546, 0.746526, 0.34175)
joint_offset = Transform3D(1, 0, 0, 0, 1, 0, 0, 0, 1, 0.0384998, 0.125675, -0.200548)
body_offset = Transform3D(0.999703, -0.0117096, 0.0221479, 0.0248511, 0.542711, -0.839468, -0.00173789, 0.839978, 0.542535, -0.0325751, -0.237515, 0.00330722)

[node name="Physical Bone Right ankle" parent="untitled/untitled/Armature (Mecha g)/Skeleton3D" index="20"]
transform = Transform3D(0.959503, -0.0885087, 0.26852, -0.136259, -0.976577, 0.164968, 0.24795, -0.195191, -0.94883, -0.272338, 0.529744, 0.444349)
joint_offset = Transform3D(1, 0, 0, 0, 1, 0, 0, 0, 1, 0.0736978, 0.323671, 0.485924)
body_offset = Transform3D(0.987972, -0.156961, -0.0047133, 0.0871992, 0.572887, -0.81455, 0.130388, 0.804239, 0.579726, -0.0197174, 0.203956, -0.551621)

[node name="Physical Bone Right toe" parent="untitled/untitled/Armature (Mecha g)/Skeleton3D" index="21"]
transform = Transform3D(-0.958893, 0.250246, 0.131315, 0.136392, 0.815147, -0.560974, -0.247663, -0.519821, -0.817421, -0.315546, 0.523712, 0.609049)
joint_offset = Transform3D(1, 0, 0, 0, 1, 0, 0, 0, 1, -0.098763, -0.0756827, 0.65725)
body_offset = Transform3D(0.987304, -0.109328, 0.112591, 0.0281887, -0.581162, -0.813073, 0.154439, 0.804736, -0.571269, 0.0152345, 0.493192, 0.451624)

[node name="Physical Bone Spine001" parent="untitled/untitled/Armature (Mecha g)/Skeleton3D" index="22"]
transform = Transform3D(0.980906, 0.182002, -0.0700786, -0.10966, 0.811428, 0.57431, 0.161298, -0.555715, 0.81578, 0.0332627, 0.754224, -0.345411)
joint_offset = Transform3D(1, 0, 0, 0, 1, 0, 0, 0, 1, 2.26755e-05, 0.000467894, 0.169111)
body_offset = Transform3D(1.00011, -6.67572e-06, -8.25524e-06, 0.000127465, 2.49445e-05, -1.00012, -8.35806e-05, 1.00018, -5.89788e-05, -2.12789e-05, 0.169131, -0.000458002)

[node name="Physical Bone Spine002" parent="untitled/untitled/Armature (Mecha g)/Skeleton3D" index="23"]
transform = Transform3D(0.987814, 0.153241, -0.026753, -0.152167, 0.987683, 0.0320934, 0.0347033, -0.0323075, 0.853264, 0.0537663, 0.645041, -0.775756)
joint_offset = Transform3D(1, 0, 0, 0, 1, 0, 0, 0, 1, 0.000311662, 0.00180776, 0.342975)
body_offset = Transform3D(1.00007, -6.56645e-05, -0.0017061, -7.89762e-06, 7.63293e-05, -0.854284, 2.59418e-05, 1.00002, 9.67886e-05, 0.000273585, 0.292998, -0.00184101)

[node name="Physical Bone Spine003" parent="untitled/untitled/Armature (Mecha g)/Skeleton3D" index="24"]
transform = Transform3D(0.989385, 0.150247, -0.0174451, -0.151175, 0.983666, -0.100684, 0.00226941, 0.102795, 0.990399, 0.0658117, 0.654646, -1.25371)
joint_offset = Transform3D(1, 0, 0, 0, 1, 0, 0, 0, 1, -0.000193759, 0.000156731, 0.186909)
body_offset = Transform3D(1.00087, 6.61388e-05, -2.10851e-06, -0.000211515, -6.29202e-05, -0.995656, 0.000113426, 1.00037, 8.54284e-05, 0.000194311, 0.186097, -0.000172734)

[node name="BoneAttachment3D" parent="untitled/untitled/Armature (Mecha g)/Skeleton3D" index="25"]
transform = Transform3D(-0.511371, 0.0637929, -0.856989, 0.0364516, -0.994733, -0.0957973, -0.858587, -0.0802266, 0.506353, -0.295166, 0.786348, 0.118554)

[node name="Area3D" parent="untitled/untitled" index="2"]
collision_layer = 7

[connection signal="animation_started" from="untitled/untitled/AnimationPlayer" to="untitled" method="_on_animation_player_animation_started"]
[connection signal="body_exited" from="untitled/untitled/Area3D" to="untitled/untitled/Armature (Mecha g)/Skeleton3D/BoneAttachment3D" method="_on_area_3d_body_exited"]

[editable path="coffee"]
[editable path="coffee2"]
[editable path="coffee3"]
[editable path="untitled"]
[editable path="untitled/untitled"]
