[gd_scene load_steps=10 format=3 uid="uid://btp5snpmod6i"]

[ext_resource type="Texture2D" uid="uid://d3uyn04t7gn5i" path="res://textures/Orange/texture_01.png" id="2_547ht"]
[ext_resource type="PackedScene" uid="uid://dynlqlpmlpa5p" path="res://ITEMS/coffee_cup.tscn" id="3_ln8wc"]
[ext_resource type="PackedScene" uid="uid://bqv7os70gkkry" path="res://animations/character_movement_2.tscn" id="3_pbcwd"]

[sub_resource type="Environment" id="Environment_cm4hq"]
volumetric_fog_enabled = true

[sub_resource type="CameraAttributesPractical" id="CameraAttributesPractical_ugn23"]

[sub_resource type="ImageTexture3D" id="ImageTexture3D_alsww"]

[sub_resource type="FogMaterial" id="FogMaterial_ush73"]
density = 3.4242
emission = Color(0.666667, 0.666667, 0.666667, 1)
density_texture = SubResource("ImageTexture3D_alsww")

[sub_resource type="ShaderMaterial" id="ShaderMaterial_1dirg"]

[sub_resource type="StandardMaterial3D" id="StandardMaterial3D_l1td8"]
albedo_texture = ExtResource("2_547ht")
uv1_triplanar = true

[node name="WorldEnvironment" type="WorldEnvironment"]
environment = SubResource("Environment_cm4hq")
camera_attributes = SubResource("CameraAttributesPractical_ugn23")

[node name="Node3D" type="Node3D" parent="."]

[node name="OmniLight3D" type="OmniLight3D" parent="Node3D"]
transform = Transform3D(1, 0, 0, 0, 1, 0, 0, 0, 1, 0, 0.97587, 0)
omni_range = 4.0

[node name="FogVolume" type="FogVolume" parent="Node3D"]
transform = Transform3D(1, 0, 0, 0, 1, 0, 0, 0, 1, -13, -1.02413, 0)
size = Vector3(7, 1, 5)
material = SubResource("FogMaterial_ush73")

[node name="OmniLight3D2" type="OmniLight3D" parent="Node3D"]
transform = Transform3D(1, 0, 0, 0, 1, 0, 0, 0, 1, -12, 0.97587, 0)
light_color = Color(0.145098, 1, 0.133333, 1)

[node name="CSGBox3D2" type="CSGBox3D" parent="Node3D"]
transform = Transform3D(1, 0, 0, 0, 1, 0, 0, 0, 1, -11, 0, 0)
material_override = SubResource("ShaderMaterial_1dirg")
material_overlay = SubResource("StandardMaterial3D_l1td8")
use_collision = true
collision_layer = 7
collision_mask = 3
size = Vector3(12, 8, 8)

[node name="CSGBox3D5" type="CSGBox3D" parent="Node3D/CSGBox3D2"]
transform = Transform3D(1, 0, 0, 0, 1, 0, 0, 0, 1, 1, 0, -4)
operation = 2
size = Vector3(2, 4, 4)

[node name="CSGBox3D2" type="CSGBox3D" parent="Node3D/CSGBox3D2"]
operation = 2
size = Vector3(8, 4, 6)

[node name="CSGBox3D3" type="CSGBox3D" parent="Node3D/CSGBox3D2"]
transform = Transform3D(1, 0, 0, 0, 1, 0, 0, 0, 1, 4, 0, -1)
operation = 2
size = Vector3(6, 4, 2)

[node name="CSGBox3D3" type="CSGBox3D" parent="Node3D"]
transform = Transform3D(1, 0, 0, 0, 1, 0, 0, 0, 1, -5, 0, -7)
material_override = SubResource("ShaderMaterial_1dirg")
material_overlay = SubResource("StandardMaterial3D_l1td8")
use_collision = true
collision_layer = 7
collision_mask = 3
size = Vector3(22, 8, 6)

[node name="CSGBox3D2" type="CSGBox3D" parent="Node3D/CSGBox3D3"]
transform = Transform3D(1, 0, 0, 0, 1, 0, 0, 0, 1, 1, 0, 1)
operation = 2
size = Vector3(16, 4, 4)

[node name="CSGBox3D" type="CSGBox3D" parent="Node3D"]
material_override = SubResource("ShaderMaterial_1dirg")
material_overlay = SubResource("StandardMaterial3D_l1td8")
use_collision = true
collision_layer = 7
collision_mask = 3
size = Vector3(12, 8, 8)

[node name="CSGBox3D2" type="CSGBox3D" parent="Node3D/CSGBox3D"]
operation = 2
size = Vector3(10, 4, 6)

[node name="CSGBox3D3" type="CSGBox3D" parent="Node3D/CSGBox3D"]
transform = Transform3D(1, 0, 0, 0, 1, 0, 0, 0, 1, -5, 0, -1)
operation = 2
size = Vector3(2, 4, 2)

[node name="CSGBox3D4" type="CSGBox3D" parent="Node3D/CSGBox3D"]
transform = Transform3D(1, 0, 0, 0, 1, 0, 0, 0, 1, 1, 0, -4)
operation = 2
size = Vector3(2, 4, 4)

[node name="coffee" parent="." instance=ExtResource("3_ln8wc")]
transform = Transform3D(1, 0, 0, 0, 1, 0, 0, 0, 1, -2.26213, -0.815835, -0.248327)

[node name="coffee2" parent="." instance=ExtResource("3_ln8wc")]
transform = Transform3D(1, 0, 0, 0, 1, 0, 0, 0, 1, -2.26213, -0.815835, 0.839926)

[node name="coffee3" parent="." instance=ExtResource("3_ln8wc")]
transform = Transform3D(1, 0, 0, 0, 1, 0, 0, 0, 1, -2.26213, -0.815835, 1.75728)

[node name="untitled" parent="." instance=ExtResource("3_pbcwd")]
transform = Transform3D(1, 0, 0, 0, 1, 0, 0, 0, 1, -0.994941, -0.833669, 1.44332)

[node name="Armature (Mecha g)" parent="untitled/untitled" index="0"]
transform = Transform3D(0.997906, 0.0506758, 0.0402309, -0.0553879, 0.990447, 0.126268, -0.033448, -0.128231, 0.991181, -0.036435, -0.130577, 0.134316)

[node name="Physical Bone Hips" parent="untitled/untitled/Armature (Mecha g)/Skeleton3D" index="1"]
transform = Transform3D(-0.99949, 0.000104632, 0.00017035, -1.70055e-05, -0.0362453, -0.997894, -3.94881e-05, -1.00009, 0.0357118, -0.00280678, 0.978177, -0.0149167)
joint_offset = Transform3D(1, 0, 0, 0, 1, 0, 0, 0, 1, -0.00279745, -0.000231721, 0.0639815)
body_offset = Transform3D(-0.99949, 0.000104629, 0.00017035, 3.94844e-05, 1.00009, -0.0357118, -1.70055e-05, -0.0362453, -0.997894, -0.0028069, 0.00251675, 0.0638383)

[node name="Physical Bone Spine" parent="untitled/untitled/Armature (Mecha g)/Skeleton3D" index="2"]
transform = Transform3D(0.999911, 0.032003, -0.0108385, -0.00481587, -0.18332, -0.984243, -0.0332983, 0.984335, -0.183043, 0.00212312, 1.25189, 0.02092)
joint_offset = Transform3D(1, 0, 0, 0, 1, 0, 0, 0, 1, 0.000134838, 3.67186e-05, 0.208425)
body_offset = Transform3D(0.998008, -0.016984, -0.0681908, -0.0679229, 0.0131262, -0.998782, 0.0179204, 1.00154, 0.011843, 0.0140787, 0.20818, -0.00250757)

[node name="Physical Bone Chest" parent="untitled/untitled/Armature (Mecha g)/Skeleton3D" index="3"]
transform = Transform3D(0.986255, 0.130974, 0.103806, 0.150516, -0.426318, -0.892549, -0.072672, 0.895791, -0.440198, -0.00516212, 1.54275, 0.101421)
joint_offset = Transform3D(1, 0, 0, 0, 1, 0, 0, 0, 1, -0.0286177, 0.00204236, 0.0903654)
body_offset = Transform3D(0.996979, -0.0249549, 0.0778406, 0.0787109, 0.0386935, -0.996749, 0.0217496, 0.999612, 0.0403058, 0.0215482, 0.0922452, -0.00506139)

[node name="Physical Bone Neck" parent="untitled/untitled/Armature (Mecha g)/Skeleton3D" index="4"]
transform = Transform3D(0.979079, 0.0743592, 0.189027, 0.175541, -0.777848, -0.602862, 0.102179, 0.62364, -0.774679, -0.0328864, 1.68049, 0.207242)
joint_offset = Transform3D(1, 0, 0, 0, 1, 0, 0, 0, 1, -0.00960388, 0.00959174, 0.0732737)
body_offset = Transform3D(0.973094, -0.0651803, 0.220696, 0.204776, -0.191903, -0.959421, 0.10491, 0.978994, -0.173505, -0.00620055, 0.0741076, 0.00433064)

[node name="Physical Bone Head" parent="untitled/untitled/Armature (Mecha g)/Skeleton3D" index="5"]
transform = Transform3D(0.948052, -0.0524136, 0.316576, 0.152002, -0.795221, -0.587175, 0.282875, 0.604343, -0.745299, -0.0803087, 1.78486, 0.32807)
joint_offset = Transform3D(1, 0, 0, 0, 1, 0, 0, 0, 1, 0.0309262, -0.0204718, 0.072807)
body_offset = Transform3D(0.926284, -0.178036, 0.334555, 0.235401, -0.421698, -0.875859, 0.297506, 0.889285, -0.348438, -0.0566491, 0.0478557, 0.0343733)

[node name="Physical Bone Left shoulder" parent="untitled/untitled/Armature (Mecha g)/Skeleton3D" index="6"]
transform = Transform3D(-0.177879, -0.315104, -0.932067, -0.406776, 0.886047, -0.221769, 0.896127, 0.339709, -0.285703, 0.0813854, 1.60428, 0.144148)
joint_offset = Transform3D(1, 0, 0, 0, 1, 0, 0, 0, 1, 0.018421, 0.005699, 0.103207)
body_offset = Transform3D(0.951202, -0.114167, -0.286855, -0.298797, -0.105766, -0.948244, 0.0780032, 0.9877, -0.134552, 0.0127339, 0.103972, 0.00682086)

[node name="Physical Bone Left arm" parent="untitled/untitled/Armature (Mecha g)/Skeleton3D" index="7"]
transform = Transform3D(-0.359721, 0.874626, -0.324621, -0.5411, 0.0877981, 0.836113, 0.759976, 0.476404, 0.44178, 0.240088, 1.47514, 0.100163)
joint_offset = Transform3D(1, 0, 0, 0, 1, 0, 0, 0, 1, -0.0305558, -0.0447352, 0.161749)
body_offset = Transform3D(0.978851, 0.0920725, -0.181866, -0.173713, -0.0908319, -0.980424, -0.106894, 0.99142, -0.072982, 0.0634451, 0.149211, 0.0528898)

[node name="Physical Bone Left elbow" parent="untitled/untitled/Armature (Mecha g)/Skeleton3D" index="8"]
transform = Transform3D(-0.421567, 0.887233, -0.194789, -0.01016, 0.209753, 0.977829, 0.919616, 0.413088, -0.0788445, 0.304306, 1.26329, 0.0493227)
joint_offset = Transform3D(1, 0, 0, 0, 1, 0, 0, 0, 1, -0.0944734, -0.0663511, 0.131425)
body_offset = Transform3D(0.998213, 0.153118, -0.0648425, -0.047079, -0.120911, -0.991709, -0.157697, 0.981711, -0.112325, 0.112986, 0.117865, 0.0650017)

[node name="Physical Bone Left wrist" parent="untitled/untitled/Armature (Mecha g)/Skeleton3D" index="9"]
transform = Transform3D(-0.189301, 0.969007, -0.15866, 0.589886, 0.241332, 0.770542, 0.785074, 0.0522953, -0.617373, 0.363311, 1.07247, 0.142007)
joint_offset = Transform3D(1, 0, 0, 0, 1, 0, 0, 0, 1, -0.109053, -0.0690331, 0.212577)
body_offset = Transform3D(0.849114, -0.240624, -0.470429, -0.498921, -0.072207, -0.863614, 0.173852, 0.967903, -0.181452, 0.17599, 0.124191, 0.124349)

[node name="Physical Bone Right shoulder" parent="untitled/untitled/Armature (Mecha g)/Skeleton3D" index="10"]
transform = Transform3D(-0.564863, -0.321219, 0.76047, 0.256292, 0.806514, 0.531772, -0.784949, 0.494548, -0.373665, -0.0782537, 1.52165, 0.162547)
joint_offset = Transform3D(1, 0, 0, 0, 1, 0, 0, 0, 1, 0.0102121, 0.0167807, 0.0752504)
body_offset = Transform3D(0.907098, -0.0581892, 0.417959, 0.410756, 0.348439, -0.842848, -0.0967154, 0.934573, 0.34006, -0.0397385, 0.0533829, -0.0402848)

[node name="Physical Bone Right arm" parent="untitled/untitled/Armature (Mecha g)/Skeleton3D" index="11"]
transform = Transform3D(-0.314427, -0.73228, 0.603888, 0.111867, 0.603319, 0.789181, -0.942271, 0.316007, -0.107956, -0.345683, 1.38891, 0.255619)
joint_offset = Transform3D(1, 0, 0, 0, 1, 0, 0, 0, 1, 0.0636863, -0.0177719, 0.229584)
body_offset = Transform3D(0.98476, 0.104204, 0.136652, 0.171131, -0.527469, -0.831678, -0.0146734, 0.843212, -0.537381, -0.092237, 0.170667, 0.139294)

[node name="Physical Bone Right elbow" parent="untitled/untitled/Armature (Mecha g)/Skeleton3D" index="12"]
transform = Transform3D(-0.622978, -0.781939, -0.0257731, -0.605787, 0.462585, 0.639508, -0.496412, 0.415868, -0.757288, -0.358962, 1.22989, 0.402837)
joint_offset = Transform3D(1, 0, 0, 0, 1, 0, 0, 0, 1, 0.0898389, -0.192824, 0.253669)
body_offset = Transform3D(0.834405, -0.352586, 0.424132, 0.32832, -0.300689, -0.886601, 0.444385, 0.885228, -0.13104, -0.250538, 0.137427, 0.164011)

[node name="Physical Bone Right wrist" parent="untitled/untitled/Armature (Mecha g)/Skeleton3D" index="13"]
transform = Transform3D(-0.725791, -0.682416, -0.0914675, -0.657569, 0.647886, 0.385244, -0.203581, 0.339752, -0.918558, -0.334515, 1.13217, 0.631255)
joint_offset = Transform3D(1, 0, 0, 0, 1, 0, 0, 0, 1, 0.097405, -0.264645, 0.37772)
body_offset = Transform3D(0.707514, -0.342999, 0.618406, 0.490135, -0.392641, -0.778509, 0.509712, 0.853852, -0.109656, -0.393272, 0.142406, 0.217739)

[node name="Physical Bone Left leg" parent="untitled/untitled/Armature (Mecha g)/Skeleton3D" index="14"]
transform = Transform3D(0.948283, -0.257933, -0.184779, -0.261902, -0.965896, 0.00415351, -0.179359, 0.0443124, -0.982728, 0.135591, 0.913305, 0.188214)
joint_offset = Transform3D(1, 0, 0, 0, 1, 0, 0, 0, 1, 7.56234e-05, -0.000213683, 0.204116)
body_offset = Transform3D(0.879936, -0.458299, -0.125124, 0.275081, 0.706734, -0.652406, 0.387358, 0.540311, 0.747412, 0.0253754, 0.133297, -0.152473)

[node name="Physical Bone Left knee" parent="untitled/untitled/Armature (Mecha g)/Skeleton3D" index="15"]
transform = Transform3D(0.979173, -0.0918073, 0.180766, -0.189055, -0.0909354, 0.977572, -0.0733387, -0.99105, -0.106173, 0.132677, 0.736747, 0.432798)
joint_offset = Transform3D(1, 0, 0, 0, 1, 0, 0, 0, 1, 0.0843761, 0.196996, -0.0993806)
body_offset = Transform3D(0.93072, 0.00830585, 0.365418, 0.11957, 0.937295, -0.326054, -0.34549, 0.346823, 0.871639, -0.0438513, -0.227135, 0.0474524)

[node name="Physical Bone Left ankle" parent="untitled/untitled/Armature (Mecha g)/Skeleton3D" index="16"]
transform = Transform3D(0.958131, -0.281822, 0.0448924, -0.284566, -0.932011, 0.223267, -0.021105, -0.226969, -0.973611, 0.0838913, 0.510585, 0.600693)
joint_offset = Transform3D(1, 0, 0, 0, 1, 0, 0, 0, 1, 0.116406, 0.20482, 0.681681)
body_offset = Transform3D(0.925544, -0.307878, 0.219168, 0.377258, 0.718996, -0.583206, 0.0219881, 0.622766, 0.78206, -0.194082, 0.206381, -0.66323)

[node name="Physical Bone Left toe" parent="untitled/untitled/Armature (Mecha g)/Skeleton3D" index="17"]
transform = Transform3D(-0.958993, 0.236945, -0.155493, 0.282449, 0.842502, -0.458303, 0.0223484, -0.483132, -0.875946, 0.0824054, 0.49282, 0.770857)
joint_offset = Transform3D(1, 0, 0, 0, 1, 0, 0, 0, 1, -0.22571, 0.133999, 0.79735)
body_offset = Transform3D(0.925719, -0.375355, 0.0454099, -0.170159, -0.520553, -0.837357, 0.33769, 0.766486, -0.546143, 0.223034, 0.699013, 0.408978)

[node name="Physical Bone Right leg" parent="untitled/untitled/Armature (Mecha g)/Skeleton3D" index="18"]
transform = Transform3D(0.900526, -0.256995, 0.352119, -0.253446, -0.966201, -0.0567621, 0.354792, -0.0384659, -0.934687, -0.170019, 0.925553, 0.178259)
joint_offset = Transform3D(1, 0, 0, 0, 1, 0, 0, 0, 1, 8.1948e-05, -0.000401817, 0.204029)
body_offset = Transform3D(0.943911, -0.233262, 0.235925, 0.324421, 0.797597, -0.509214, -0.0695892, 0.557224, 0.828184, -0.0483066, 0.104188, -0.168744)

[node name="Physical Bone Right knee" parent="untitled/untitled/Armature (Mecha g)/Skeleton3D" index="19"]
transform = Transform3D(0.97243, 0.232096, -0.0290367, -0.0121026, 0.174077, 0.984486, 0.233633, -0.957116, 0.172142, -0.240548, 0.746541, 0.341738)
joint_offset = Transform3D(1, 0, 0, 0, 1, 0, 0, 0, 1, 0.0747487, 0.115232, -0.190272)
body_offset = Transform3D(0.988244, 0.146516, 0.0474586, -0.0805494, 0.754139, -0.651863, -0.131291, 0.640352, 0.756645, -0.0817232, -0.204911, 0.0799933)

[node name="Physical Bone Right ankle" parent="untitled/untitled/Armature (Mecha g)/Skeleton3D" index="20"]
transform = Transform3D(0.959515, -0.0885134, 0.268531, -0.13626, -0.976624, 0.164967, 0.247952, -0.195178, -0.948848, -0.272337, 0.529755, 0.444355)
joint_offset = Transform3D(1, 0, 0, 0, 1, 0, 0, 0, 1, 0.0559488, 0.240816, 0.557304)
body_offset = Transform3D(0.980913, -0.152263, 0.123867, 0.193893, 0.65219, -0.732412, 0.0305108, 0.74242, 0.669227, -0.0872451, 0.24027, -0.553457)

[node name="Physical Bone Right toe" parent="untitled/untitled/Armature (Mecha g)/Skeleton3D" index="21"]
transform = Transform3D(-0.958895, 0.250245, 0.131319, 0.136389, 0.815299, -0.561004, -0.247663, -0.519821, -0.817429, -0.315557, 0.524733, 0.609034)
joint_offset = Transform3D(1, 0, 0, 0, 1, 0, 0, 0, 1, -0.111965, 0.0328349, 0.684335)
body_offset = Transform3D(0.980252, -0.195376, 0.0169588, -0.117204, -0.652056, -0.74867, 0.157443, 0.73089, -0.662847, 0.104564, 0.520628, 0.447239)

[node name="Physical Bone Spine001" parent="untitled/untitled/Armature (Mecha g)/Skeleton3D" index="22"]
transform = Transform3D(0.980906, 0.182001, -0.0700748, -0.10966, 0.811429, 0.574314, 0.161298, -0.555715, 0.815776, 0.0333083, 0.754614, -0.345465)
joint_offset = Transform3D(1, 0, 0, 0, 1, 0, 0, 0, 1, 2.89269e-05, 0.000111808, 0.168935)
body_offset = Transform3D(1.00011, -7.85291e-06, -5.41657e-06, 0.000127174, 2.39313e-05, -1.00012, -8.32528e-05, 1.00018, -5.3674e-05, -2.80142e-05, 0.168955, -0.000102758)

[node name="Physical Bone Spine002" parent="untitled/untitled/Armature (Mecha g)/Skeleton3D" index="23"]
transform = Transform3D(0.987825, 0.153253, -0.0293834, -0.152169, 0.98781, 0.0372301, 0.0347036, -0.0323148, 0.999946, 0.0537271, 0.646745, -0.775795)
joint_offset = Transform3D(1, 0, 0, 0, 1, 0, 0, 0, 1, 2.49847e-05, 0.000151099, 0.29266)
body_offset = Transform3D(1.00008, -7.39405e-05, 3.05101e-06, -7.74115e-06, 7.9155e-05, -1.00107, 2.50717e-05, 1.00015, 3.94285e-05, -2.58684e-05, 0.292973, -0.000162661)

[node name="Physical Bone Spine003" parent="untitled/untitled/Armature (Mecha g)/Skeleton3D" index="24"]
transform = Transform3D(0.989384, 0.150246, -0.0174459, -0.151176, 0.983667, -0.100685, 0.00226958, 0.102798, 0.990406, 0.0658009, 0.654668, -1.25371)
joint_offset = Transform3D(1, 0, 0, 0, 1, 0, 0, 0, 1, -0.000179722, 0.000136732, 0.186905)
body_offset = Transform3D(1.00087, 6.5346e-05, -2.64402e-06, -0.000211791, -6.52373e-05, -0.995664, 0.00011242, 1.00037, 8.46684e-05, 0.000180364, 0.186094, -0.000152588)

[node name="BoneAttachment3D" parent="untitled/untitled/Armature (Mecha g)/Skeleton3D" index="25"]
transform = Transform3D(-0.335836, -0.0166263, -0.941774, -0.448909, -0.876164, 0.175549, -0.828067, 0.481726, 0.286784, -0.263437, 0.816892, 0.298419)

[node name="Area3D" parent="untitled/untitled" index="2"]
collision_layer = 7

[connection signal="body_exited" from="untitled/untitled/Area3D" to="untitled/untitled/Armature (Mecha g)/Skeleton3D/BoneAttachment3D" method="_on_area_3d_body_exited"]

[editable path="coffee"]
[editable path="coffee2"]
[editable path="coffee3"]
[editable path="untitled"]
[editable path="untitled/untitled"]
