[gd_scene load_steps=10 format=3 uid="uid://btp5snpmod6i"]

[ext_resource type="Texture2D" uid="uid://d3uyn04t7gn5i" path="res://textures/Orange/texture_01.png" id="2_547ht"]
[ext_resource type="PackedScene" uid="uid://dynlqlpmlpa5p" path="res://ITEMS/coffee_cup.tscn" id="3_ln8wc"]
[ext_resource type="PackedScene" uid="uid://bqv7os70gkkry" path="res://animations/character_movement_2.tscn" id="3_pbcwd"]

[sub_resource type="Environment" id="Environment_cm4hq"]
volumetric_fog_enabled = true

[sub_resource type="CameraAttributesPractical" id="CameraAttributesPractical_ugn23"]

[sub_resource type="ImageTexture3D" id="ImageTexture3D_alsww"]

[sub_resource type="FogMaterial" id="FogMaterial_ush73"]
density = 3.4242
emission = Color(0.666667, 0.666667, 0.666667, 1)
density_texture = SubResource("ImageTexture3D_alsww")

[sub_resource type="ShaderMaterial" id="ShaderMaterial_1dirg"]

[sub_resource type="StandardMaterial3D" id="StandardMaterial3D_l1td8"]
albedo_texture = ExtResource("2_547ht")
uv1_triplanar = true

[node name="WorldEnvironment" type="WorldEnvironment"]
environment = SubResource("Environment_cm4hq")
camera_attributes = SubResource("CameraAttributesPractical_ugn23")

[node name="Node3D" type="Node3D" parent="."]

[node name="OmniLight3D" type="OmniLight3D" parent="Node3D"]
transform = Transform3D(1, 0, 0, 0, 1, 0, 0, 0, 1, 0, 0.97587, 0)
omni_range = 4.0

[node name="FogVolume" type="FogVolume" parent="Node3D"]
transform = Transform3D(1, 0, 0, 0, 1, 0, 0, 0, 1, -13, -1.02413, 0)
size = Vector3(7, 1, 5)
material = SubResource("FogMaterial_ush73")

[node name="OmniLight3D2" type="OmniLight3D" parent="Node3D"]
transform = Transform3D(1, 0, 0, 0, 1, 0, 0, 0, 1, -12, 0.97587, 0)
light_color = Color(0.145098, 1, 0.133333, 1)

[node name="CSGBox3D2" type="CSGBox3D" parent="Node3D"]
transform = Transform3D(1, 0, 0, 0, 1, 0, 0, 0, 1, -11, 0, 0)
material_override = SubResource("ShaderMaterial_1dirg")
material_overlay = SubResource("StandardMaterial3D_l1td8")
use_collision = true
collision_layer = 7
collision_mask = 3
size = Vector3(12, 8, 8)

[node name="CSGBox3D5" type="CSGBox3D" parent="Node3D/CSGBox3D2"]
transform = Transform3D(1, 0, 0, 0, 1, 0, 0, 0, 1, 1, 0, -4)
operation = 2
size = Vector3(2, 4, 4)

[node name="CSGBox3D2" type="CSGBox3D" parent="Node3D/CSGBox3D2"]
operation = 2
size = Vector3(8, 4, 6)

[node name="CSGBox3D3" type="CSGBox3D" parent="Node3D/CSGBox3D2"]
transform = Transform3D(1, 0, 0, 0, 1, 0, 0, 0, 1, 4, 0, -1)
operation = 2
size = Vector3(6, 4, 2)

[node name="CSGBox3D3" type="CSGBox3D" parent="Node3D"]
transform = Transform3D(1, 0, 0, 0, 1, 0, 0, 0, 1, -5, 0, -7)
material_override = SubResource("ShaderMaterial_1dirg")
material_overlay = SubResource("StandardMaterial3D_l1td8")
use_collision = true
collision_layer = 7
collision_mask = 3
size = Vector3(22, 8, 6)

[node name="CSGBox3D2" type="CSGBox3D" parent="Node3D/CSGBox3D3"]
transform = Transform3D(1, 0, 0, 0, 1, 0, 0, 0, 1, 1, 0, 1)
operation = 2
size = Vector3(16, 4, 4)

[node name="CSGBox3D" type="CSGBox3D" parent="Node3D"]
material_override = SubResource("ShaderMaterial_1dirg")
material_overlay = SubResource("StandardMaterial3D_l1td8")
use_collision = true
collision_layer = 7
collision_mask = 3
size = Vector3(12, 8, 8)

[node name="CSGBox3D2" type="CSGBox3D" parent="Node3D/CSGBox3D"]
operation = 2
size = Vector3(10, 4, 6)

[node name="CSGBox3D3" type="CSGBox3D" parent="Node3D/CSGBox3D"]
transform = Transform3D(1, 0, 0, 0, 1, 0, 0, 0, 1, -5, 0, -1)
operation = 2
size = Vector3(2, 4, 2)

[node name="CSGBox3D4" type="CSGBox3D" parent="Node3D/CSGBox3D"]
transform = Transform3D(1, 0, 0, 0, 1, 0, 0, 0, 1, 1, 0, -4)
operation = 2
size = Vector3(2, 4, 4)

[node name="coffee" parent="." instance=ExtResource("3_ln8wc")]
transform = Transform3D(1, 0, 0, 0, 1, 0, 0, 0, 1, -2.26213, -0.815835, 0.929564)
collision_layer = 8
collision_mask = 8

[node name="untitled" parent="." instance=ExtResource("3_pbcwd")]
transform = Transform3D(1, 0, 0, 0, 1, 0, 0, 0, 1, -0.994941, -0.833669, 1.44332)

[node name="Physical Bone Hips" parent="untitled/untitled/Armature (Mecha g)/Skeleton3D" index="1"]
transform = Transform3D(-0.999532, 3.24621e-05, -1.68979e-05, -9.46687e-06, -0.0362334, -0.999019, -4.06383e-05, -0.999501, 0.0362169, 1.0848e-05, 0.980679, -0.0148089)
joint_offset = Transform3D(1, 0, 0, 0, 1, 0, 0, 0, 1, 9.84969e-06, -3.73833e-06, 0.0664056)
body_offset = Transform3D(-0.999532, 3.24566e-05, -1.68976e-05, 4.0633e-05, 0.999501, -0.0362169, -9.46686e-06, -0.0362334, -0.999019, 1.09673e-05, 0.00240874, 0.0663403)

[node name="Physical Bone Spine" parent="untitled/untitled/Armature (Mecha g)/Skeleton3D" index="2"]
transform = Transform3D(1.0002, -0.00250924, 0.0278333, 0.0276503, -0.0528203, -0.999533, 0.00409066, 1.00035, -0.0527644, -0.00587261, 1.2552, -0.00619912)
joint_offset = Transform3D(1, 0, 0, 0, 1, 0, 0, 0, 1, 6.77209e-05, 3.93891e-06, 0.208557)
body_offset = Transform3D(1.00017, 0.0274433, 0.00944777, 0.00968809, -0.00836355, -1.00123, -0.0272086, 1.00134, -0.00867883, -0.00203824, 0.208813, 0.00180793)

[node name="Physical Bone Chest" parent="untitled/untitled/Armature (Mecha g)/Skeleton3D" index="3"]
transform = Transform3D(0.988956, -0.00747465, 0.150397, 0.149812, -0.0493492, -0.987767, 0.0148455, 0.998906, -0.0476855, -0.0261415, 1.55942, 0.00938749)
joint_offset = Transform3D(1, 0, 0, 0, 1, 0, 0, 0, 1, 0.00413171, -0.00349206, 0.0960124)
body_offset = Transform3D(0.988818, 0.0815454, 0.127682, 0.130107, -0.0256573, -0.991453, -0.0775232, 0.996492, -0.0359882, -0.0160598, 0.0945646, 0.00725543)

[node name="Physical Bone Neck" parent="untitled/untitled/Armature (Mecha g)/Skeleton3D" index="4"]
transform = Transform3D(0.984545, 0.0361112, 0.171445, 0.175012, -0.244119, -0.953496, 0.00740487, 0.968884, -0.246693, -0.0558594, 1.7396, 0.0359519)
joint_offset = Transform3D(1, 0, 0, 0, 1, 0, 0, 0, 1, 0.0291561, -0.00754199, 0.0930064)
body_offset = Transform3D(0.981143, 0.109893, 0.159073, 0.163956, -0.0372321, -0.985454, -0.102423, 0.993062, -0.05461, -0.0425723, 0.0865924, 0.015555)

[node name="Physical Bone Head" parent="untitled/untitled/Armature (Mecha g)/Skeleton3D" index="5"]
transform = Transform3D(0.980829, 0.00353962, 0.20003, 0.200148, -0.0133337, -0.98007, -0.000436862, 1.00018, -0.0137766, -0.0891101, 1.91174, 0.0588658)
joint_offset = Transform3D(1, 0, 0, 0, 1, 0, 0, 0, 1, 0.0584794, -0.0145779, 0.0936947)
body_offset = Transform3D(0.971886, 0.0649768, 0.23084, 0.234495, -0.0537736, -0.971032, -0.0503395, 0.996718, -0.0674396, -0.0775166, 0.0764835, 0.0237926)

[node name="Physical Bone Left shoulder" parent="untitled/untitled/Armature (Mecha g)/Skeleton3D" index="6"]
transform = Transform3D(-0.026511, -0.392273, -0.91942, -0.0187351, 0.919739, -0.39173, 0.999501, 0.00684913, -0.0317299, 0.058527, 1.63877, 0.0182784)
joint_offset = Transform3D(1, 0, 0, 0, 1, 0, 0, 0, 1, -0.00699883, -0.00669724, 0.0716497)
body_offset = Transform3D(0.986885, 0.00922707, -0.161315, -0.161389, 0.00515642, -0.986775, -0.00826106, 0.999866, 0.0067345, 0.018527, 0.0696071, 0.006156)

[node name="Physical Bone Left arm" parent="untitled/untitled/Armature (Mecha g)/Skeleton3D" index="7"]
transform = Transform3D(-0.64978, 0.709587, -0.272331, -0.0327511, 0.331718, 0.942674, 0.759335, 0.621416, -0.192334, 0.188745, 1.51834, 0.0531821)
joint_offset = Transform3D(1, 0, 0, 0, 1, 0, 0, 0, 1, -0.0406431, -0.00747024, 0.170131)
body_offset = Transform3D(0.952588, 0.261245, -0.15539, -0.144618, -0.060155, -0.987553, -0.267465, 0.963245, -0.0195911, 0.0671043, 0.161686, -0.000341892)

[node name="Physical Bone Left elbow" parent="untitled/untitled/Armature (Mecha g)/Skeleton3D" index="8"]
transform = Transform3D(-0.604294, 0.773137, -0.1962, 0.109581, 0.324329, 0.939896, 0.789523, 0.546698, -0.280662, 0.256424, 1.25583, 0.117306)
joint_offset = Transform3D(1, 0, 0, 0, 1, 0, 0, 0, 1, -0.0897138, -0.0193069, 0.130938)
body_offset = Transform3D(0.935726, 0.259093, 0.240504, 0.23352, 0.0582442, -0.970973, -0.26535, 0.965032, -0.00627019, 0.0574586, 0.149212, -0.00435281)

[node name="Physical Bone Left wrist" parent="untitled/untitled/Armature (Mecha g)/Skeleton3D" index="9"]
transform = Transform3D(-0.667136, 0.738692, 0.0985093, 0.363486, 0.207263, 0.908246, 0.650339, 0.641933, -0.406726, 0.265467, 1.03411, 0.200532)
joint_offset = Transform3D(1, 0, 0, 0, 1, 0, 0, 0, 1, -0.0281301, -0.0120932, 0.161143)
body_offset = Transform3D(0.922826, 0.269758, -0.275412, -0.271225, -0.0531115, -0.961046, -0.273792, 0.961827, 0.0240941, 0.0736021, 0.146594, 4.71473e-05)

[node name="Physical Bone Right shoulder" parent="untitled/untitled/Armature (Mecha g)/Skeleton3D" index="10"]
transform = Transform3D(-0.0767016, -0.0994104, 0.992405, -0.0164071, 0.994306, 0.0984194, -0.997369, -0.00870318, -0.077956, -0.130422, 1.59195, 0.0224546)
joint_offset = Transform3D(1, 0, 0, 0, 1, 0, 0, 0, 1, 0.00565711, 0.00128412, 0.114912)
body_offset = Transform3D(0.98047, -0.0333905, 0.196104, 0.185448, 0.50993, -0.840111, -0.0720062, 0.858755, 0.506347, -0.0280384, 0.0948347, -0.0588806)

[node name="Physical Bone Right arm" parent="untitled/untitled/Armature (Mecha g)/Skeleton3D" index="11"]
transform = Transform3D(-0.241517, -0.964201, 0.109748, -0.106157, 0.138632, 0.984466, -0.964134, 0.226235, -0.135901, -0.240345, 1.41935, 0.0521393)
joint_offset = Transform3D(1, 0, 0, 0, 1, 0, 0, 0, 1, 0.0229735, -0.0341175, 0.274491)
body_offset = Transform3D(0.974135, 0.187263, 0.123287, 0.0945139, 0.155463, -0.983166, -0.203181, 0.969973, 0.133686, -0.0498315, 0.273003, 0.00106525)

[node name="Physical Bone Right elbow" parent="untitled/untitled/Armature (Mecha g)/Skeleton3D" index="12"]
transform = Transform3D(-0.154931, -0.983836, 0.0902974, -0.209686, 0.121953, 0.970406, -0.96618, 0.131198, -0.225183, -0.268753, 1.14648, 0.100126)
joint_offset = Transform3D(1, 0, 0, 0, 1, 0, 0, 0, 1, 0.0417398, 0.0221565, 0.230606)
body_offset = Transform3D(0.93634, 0.23469, -0.26366, -0.278107, 0.0291862, -0.960457, -0.217713, 0.971642, 0.0924958, 0.0165191, 0.232449, -0.033771)

[node name="Physical Bone Right wrist" parent="untitled/untitled/Armature (Mecha g)/Skeleton3D" index="13"]
transform = Transform3D(-0.260225, -0.957297, 0.129629, -0.200819, 0.184972, 0.962264, -0.944779, 0.224272, -0.240334, -0.295669, 0.914365, 0.15627)
joint_offset = Transform3D(1, 0, 0, 0, 1, 0, 0, 0, 1, -0.0181595, 0.0359277, 0.253588)
body_offset = Transform3D(1.00013, 0.0148569, -0.013112, -0.0138739, 0.0464449, -0.999085, -0.014145, 0.999276, 0.046629, 0.0209531, 0.251435, -0.0479831)

[node name="Physical Bone Left leg" parent="untitled/untitled/Armature (Mecha g)/Skeleton3D" index="14"]
transform = Transform3D(0.902026, -0.0578215, -0.42784, 0.289341, -0.654461, 0.698874, -0.320471, -0.755036, -0.573106, 0.185271, 0.77155, 0.104466)
joint_offset = Transform3D(1, 0, 0, 0, 1, 0, 0, 0, 1, 5.67727e-05, -0.000179654, 0.204122)
body_offset = Transform3D(0.964036, -0.069932, -0.256472, -0.247496, 0.115348, -0.961942, 0.097217, 0.991739, 0.0938663, 0.0522842, 0.196388, -0.0189875)

[node name="Physical Bone Left knee" parent="untitled/untitled/Armature (Mecha g)/Skeleton3D" index="15"]
transform = Transform3D(0.897138, -0.441199, 0.0236744, 0.203147, 0.459774, 0.864461, -0.39221, -0.770962, 0.502116, 0.267969, 0.459728, 0.123141)
joint_offset = Transform3D(1, 0, 0, 0, 1, 0, 0, 0, 1, -0.0954135, 0.0310328, 0.144982)
body_offset = Transform3D(0.968403, -0.246049, -0.0407481, 0.0223299, 0.248203, -0.968478, 0.248297, 0.937169, 0.245689, 0.105942, 0.13484, -0.0410126)

[node name="Physical Bone Left ankle" parent="untitled/untitled/Armature (Mecha g)/Skeleton3D" index="16"]
transform = Transform3D(0.888408, -0.290813, -0.354741, 0.0191985, -0.748965, 0.662, -0.458292, -0.595217, -0.659981, 0.314585, 0.195061, 0.120204)
joint_offset = Transform3D(1, 0, 0, 0, 1, 0, 0, 0, 1, -0.0814925, 0.0833989, 0.25317)
body_offset = Transform3D(0.980535, -0.144797, -0.13133, -0.123096, 0.0644011, -0.990122, 0.151884, 0.987264, 0.0455078, 0.125231, 0.235267, -0.0814805)

[node name="Physical Bone Left toe" parent="untitled/untitled/Armature (Mecha g)/Skeleton3D" index="17"]
transform = Transform3D(-0.888707, -0.025787, -0.458372, -0.0204096, 0.999525, -0.0167294, 0.458275, -0.00550776, -0.889611, 0.381095, 0.100009, 0.245175)
joint_offset = Transform3D(1, 0, 0, 0, 1, 0, 0, 0, 1, 0.117023, 0.00013232, 0.18441)
body_offset = Transform3D(0.980865, -0.017096, 0.194698, 0.194181, -0.0202962, -0.981636, 0.020713, 0.999521, -0.0166047, -0.150686, 0.158303, 0.000505924)

[node name="Physical Bone Right leg" parent="untitled/untitled/Armature (Mecha g)/Skeleton3D" index="18"]
transform = Transform3D(0.980993, 0.0846947, 0.177371, -0.0866585, -0.623885, 0.776996, 0.176629, -0.777597, -0.604411, -0.134183, 0.755695, 0.110855)
joint_offset = Transform3D(1, 0, 0, 0, 1, 0, 0, 0, 1, -3.9835e-06, -0.000121189, 0.204079)
body_offset = Transform3D(0.993711, -0.0530069, -0.104016, -0.100469, 0.0646872, -0.993065, 0.0591521, 0.99703, 0.0591549, 0.021225, 0.202671, -0.0119512)

[node name="Physical Bone Right knee" parent="untitled/untitled/Armature (Mecha g)/Skeleton3D" index="19"]
transform = Transform3D(0.981116, 0.126241, -0.147982, 0.0414655, 0.607893, 0.792915, 0.190125, -0.784089, 0.591044, -0.141401, 0.441981, 0.11843)
joint_offset = Transform3D(1, 0, 0, 0, 1, 0, 0, 0, 1, -0.0427643, 0.0120138, 0.175487)
body_offset = Transform3D(0.992023, -0.12784, 0.00150047, 0.00793739, 0.0504552, -0.998673, 0.127602, 0.990645, 0.0509514, 0.0436957, 0.174987, -0.0153859)

[node name="Physical Bone Right ankle" parent="untitled/untitled/Armature (Mecha g)/Skeleton3D" index="20"]
transform = Transform3D(0.984738, 0.120775, 0.128756, 0.00363601, -0.742637, 0.669342, 0.176793, -0.65861, -0.731456, -0.131025, 0.190236, 0.108398)
joint_offset = Transform3D(1, 0, 0, 0, 1, 0, 0, 0, 1, -0.0392204, 0.0237599, 0.173806)
body_offset = Transform3D(0.97574, -0.16094, -0.15182, -0.140076, 0.0819538, -0.986539, 0.171136, 0.983486, 0.0575842, 0.06848, 0.164025, -0.026664)

[node name="Physical Bone Right toe" parent="untitled/untitled/Armature (Mecha g)/Skeleton3D" index="21"]
transform = Transform3D(-0.984024, 0.002902, 0.176513, -0.0035577, 0.998801, -0.0357736, -0.176451, -0.0361126, -0.983558, -0.155561, 0.0947922, 0.247037)
joint_offset = Transform3D(1, 0, 0, 0, 1, 0, 0, 0, 1, 0.0796891, -0.0109911, 0.0905143)
body_offset = Transform3D(0.974948, -0.00992463, 0.220996, 0.219712, -0.0721193, -0.972818, 0.0255662, 0.996803, -0.067882, -0.0978051, 0.0697526, 0.0150629)

[node name="Physical Bone Spine001" parent="untitled/untitled/Armature (Mecha g)/Skeleton3D" index="22"]
transform = Transform3D(0.980917, 0.182005, -0.0700817, -0.109659, 0.811429, 0.574349, 0.161297, -0.555695, 0.815789, 0.0333538, 0.754647, -0.34546)
joint_offset = Transform3D(1, 0, 0, 0, 1, 0, 0, 0, 1, -1.15726e-05, 7.62853e-05, 0.168909)
body_offset = Transform3D(1.00012, -1.15484e-06, -1.40518e-05, 0.000128567, 8.22544e-06, -1.00015, -7.96989e-05, 1.00017, -3.33786e-05, 1.39475e-05, 0.168934, -7.06613e-05)

[node name="Physical Bone Spine002" parent="untitled/untitled/Armature (Mecha g)/Skeleton3D" index="23"]
transform = Transform3D(0.987846, 0.153305, -0.0293842, -0.152174, 0.988157, 0.0372354, 0.0347049, -0.0323081, 0.999946, 0.0538151, 0.646794, -0.775878)
joint_offset = Transform3D(1, 0, 0, 0, 1, 0, 0, 0, 1, -5.13173e-05, 8.57136e-05, 0.292743)
body_offset = Transform3D(1.0001, -7.44823e-05, 1.45659e-06, -8.28505e-06, 6.11655e-05, -1.00107, 2.28751e-05, 1.0005, 4.46439e-05, 5.09024e-05, 0.293056, -9.88245e-05)

[node name="Physical Bone Spine003" parent="untitled/untitled/Armature (Mecha g)/Skeleton3D" index="24"]
transform = Transform3D(0.989404, 0.150241, -0.0174857, -0.15118, 0.983758, -0.100877, 0.00226676, 0.102804, 0.991813, 0.0658017, 0.654697, -1.25371)
joint_offset = Transform3D(1, 0, 0, 0, 1, 0, 0, 0, 1, -0.000174753, 0.000117636, 0.186644)
body_offset = Transform3D(1.00089, 4.67213e-05, -1.00955e-05, -0.000209071, -6.2421e-05, -0.997083, 0.000110889, 1.00046, 3.44291e-05, 0.000176787, 0.1861, -0.000124097)

[node name="BoneAttachment3D" parent="untitled/untitled/Armature (Mecha g)/Skeleton3D" index="25"]
transform = Transform3D(-0.443559, 0.0470496, 0.895009, 0.141213, -0.982479, 0.121631, 0.88505, 0.180337, 0.429144, 0.303273, 0.91511, 0.155304)

[editable path="coffee"]
[editable path="untitled"]
[editable path="untitled/untitled"]
