[gd_scene load_steps=20 format=3 uid="uid://btp5snpmod6i"]

[ext_resource type="Texture2D" uid="uid://d3uyn04t7gn5i" path="res://textures/Orange/texture_01.png" id="2_547ht"]
[ext_resource type="PackedScene" uid="uid://dynlqlpmlpa5p" path="res://ITEMS/coffee_cup.tscn" id="3_ln8wc"]
[ext_resource type="PackedScene" uid="uid://bqv7os70gkkry" path="res://animations/character_movement_2.tscn" id="3_pbcwd"]
[ext_resource type="PackedScene" uid="uid://cldcqubi7dtci" path="res://ITEMS/random_box.tscn" id="4_f1ch3"]
[ext_resource type="PackedScene" uid="uid://d3i4wdg83uyjt" path="res://ITEMS/fridge.tscn" id="5_b5jrv"]
[ext_resource type="PackedScene" uid="uid://0fuf0gmc4ihi" path="res://ITEMS/beer.tscn" id="6_bxryp"]
[ext_resource type="PackedScene" uid="uid://dcuhiv4750vv1" path="res://level/house/house_meshes_with_items.glb" id="7_kjfmu"]
[ext_resource type="PackedScene" uid="uid://dtg6rluri4kke" path="res://ITEMS/Tv.tscn" id="8_s2bro"]
[ext_resource type="PackedScene" uid="uid://dh8it4jsck1xu" path="res://ITEMS/cereal.tscn" id="9_qph82"]
[ext_resource type="PackedScene" uid="uid://o1cklxr0vrag" path="res://ITEMS/milk.tscn" id="10_veexa"]
[ext_resource type="PackedScene" uid="uid://b8ti0selmekbp" path="res://ITEMS/juice.tscn" id="11_v2hmo"]
[ext_resource type="PackedScene" uid="uid://c7h106y5e8s4n" path="res://ITEMS/pillow.tscn" id="12_piopk"]
[ext_resource type="PackedScene" uid="uid://2mhqxdcx2vry" path="res://sounds/sound.tscn" id="13_h1oml"]
[ext_resource type="PackedScene" uid="uid://d4itk2r2tkmh6" path="res://level/house/rain.tscn" id="14_om8kc"]

[sub_resource type="Environment" id="Environment_cm4hq"]
ssil_enabled = true
volumetric_fog_enabled = true

[sub_resource type="CameraAttributesPractical" id="CameraAttributesPractical_ugn23"]

[sub_resource type="ShaderMaterial" id="ShaderMaterial_1dirg"]

[sub_resource type="StandardMaterial3D" id="StandardMaterial3D_l1td8"]
albedo_texture = ExtResource("2_547ht")
uv1_triplanar = true

[sub_resource type="StandardMaterial3D" id="StandardMaterial3D_h5r0s"]
emission_enabled = true
emission = Color(0.658824, 0.658824, 0.658824, 1)

[node name="WorldEnvironment" type="WorldEnvironment"]
environment = SubResource("Environment_cm4hq")
camera_attributes = SubResource("CameraAttributesPractical_ugn23")

[node name="Node3D" type="Node3D" parent="."]

[node name="OmniLight3D" type="OmniLight3D" parent="Node3D"]
transform = Transform3D(1, 0, 0, 0, 1, 0, 0, 0, 1, 1.80311, 0.822952, 6.20459)
omni_range = 4.0

[node name="OmniLight3D5" type="OmniLight3D" parent="Node3D"]
transform = Transform3D(1, 0, 0, 0, 1, 0, 0, 0, 1, -8.15725, 0.605871, 1.76514)
omni_range = 4.0

[node name="OmniLight3D2" type="OmniLight3D" parent="Node3D"]
transform = Transform3D(1, 0, 0, 0, 1, 0, 0, 0, 1, 7.84718, 1.19513, 2.1032)
omni_range = 4.0

[node name="OmniLight3D4" type="OmniLight3D" parent="Node3D"]
transform = Transform3D(1, 0, 0, 0, 1, 0, 0, 0, 1, 5.16443, 0.914989, -11.7468)
omni_range = 4.0

[node name="OmniLight3D3" type="OmniLight3D" parent="Node3D"]
transform = Transform3D(1, 0, 0, 0, 1, 0, 0, 0, 1, -5.86017, 1.42423, -8.04165)
light_color = Color(0.980392, 1, 0.901961, 1)

[node name="CSGBox3D" type="CSGBox3D" parent="Node3D"]
transform = Transform3D(1, 0, 0, 0, 1, 0, 0, 0, 1, 0, 0, -3)
visible = false
material_override = SubResource("ShaderMaterial_1dirg")
material_overlay = SubResource("StandardMaterial3D_l1td8")
use_collision = true
collision_layer = 7
collision_mask = 3
size = Vector3(20, 8, 22)

[node name="CSGBox3D2" type="CSGBox3D" parent="Node3D/CSGBox3D"]
operation = 2
size = Vector3(18, 4, 20)

[node name="CSGBox3D3" type="CSGBox3D" parent="Node3D/CSGBox3D"]
transform = Transform3D(1, 0, 0, 0, 1, 0, 0, 0, 1, 0, 0, 3)
size = Vector3(8, 4, 2)

[node name="CSGBox3D7" type="CSGBox3D" parent="Node3D/CSGBox3D"]
transform = Transform3D(1, 0, 0, 0, 1, 0, 0, 0, 1, 1, 0, -2)
size = Vector3(6, 4, 2)

[node name="CSGBox3D9" type="CSGBox3D" parent="Node3D/CSGBox3D"]
transform = Transform3D(1, 0, 0, 0, 1, 0, 0, 0, 1, -3, 0, -2)
size = Vector3(2, 4, 2)

[node name="CSGBox3D10" type="CSGBox3D" parent="Node3D/CSGBox3D"]
transform = Transform3D(1, 0, 0, 0, 1, 0, 0, 0, 1, -8, 0, -2)
size = Vector3(2, 4, 2)

[node name="CSGBox3D8" type="CSGBox3D" parent="Node3D/CSGBox3D"]
transform = Transform3D(1, 0, 0, 0, 1, 0, 0, 0, 1, -1, 0, -7)
size = Vector3(2, 4, 8)

[node name="CSGBox3D6" type="CSGBox3D" parent="Node3D/CSGBox3D"]
transform = Transform3D(1, 0, 0, 0, 1, 0, 0, 0, 1, -11, 0, 3)
size = Vector3(10, 4, 2)

[node name="CSGBox3D4" type="CSGBox3D" parent="Node3D/CSGBox3D"]
transform = Transform3D(1, 0, 0, 0, 1, 0, 0, 0, 1, 0, 0, 8)
size = Vector3(2, 4, 4)

[node name="CSGBox3D5" type="CSGBox3D" parent="Node3D/CSGBox3D"]
transform = Transform3D(1, 0, 0, 0, 1, 0, 0, 0, 1, 9, 0, 3)
size = Vector3(6, 4, 2)

[node name="coffee" parent="." instance=ExtResource("3_ln8wc")]
unique_name_in_owner = true
transform = Transform3D(1, 0, 0, 0, 1, 0, 0, 0, 1, -2.26213, -0.815835, 1.75167)

[node name="coffee2" parent="." instance=ExtResource("3_ln8wc")]
transform = Transform3D(1, 0, 0, 0, 1, 0, 0, 0, 1, -2.26213, -0.815835, 0.839926)

[node name="Cube" parent="coffee2" index="1"]
transform = Transform3D(0.1, 0, 0, 0, 0.1, 0, 0, 0, 0.1, 9.41006, 0, 1.3)

[node name="coffee3" parent="." instance=ExtResource("3_ln8wc")]
transform = Transform3D(1, 0, 0, 0, 1, 0, 0, 0, 1, -2.26213, -0.815835, 1.75728)

[node name="untitled" parent="." instance=ExtResource("3_pbcwd")]
transform = Transform3D(1, 0, 0, 0, 1, 0, 0, 0, 1, 3.00506, -0.833669, 3.44332)

[node name="Armature (Mecha g)" parent="untitled/untitled" index="0"]
transform = Transform3D(0.994844, 0.00914838, -0.101015, -0.00890496, 0.999955, 0.00286066, 0.101036, -0.00194637, 0.994882, -0.0197568, -0.0416348, 0.0115021)

[node name="Physical Bone Hips" parent="untitled/untitled/Armature (Mecha g)/Skeleton3D" index="1"]
transform = Transform3D(-0.999489, 9.0301e-05, 0.000189788, -2.3265e-05, -0.0362475, -0.999649, -3.84673e-05, -1.00013, 0.0357443, 0.00149202, 0.671437, -0.0148277)
joint_offset = Transform3D(1, 0, 0, 0, 1, 0, 0, 0, 1, 0.00144572, -0.0110972, -0.242585)
body_offset = Transform3D(-0.999489, 9.02861e-05, 0.000189786, 3.84599e-05, 1.00013, -0.0357443, -2.32632e-05, -0.0362475, -0.999649, 0.00149202, 0.00242758, -0.242902)

[node name="Physical Bone Spine" parent="untitled/untitled/Armature (Mecha g)/Skeleton3D" index="2"]
transform = Transform3D(1.00005, 0.0258179, -0.0152782, -0.00570497, -0.338275, -0.942992, -0.0292773, 0.943035, -0.337769, 0.00298524, 1.24303, 0.0530188)
joint_offset = Transform3D(1, 0, 0, 0, 1, 0, 0, 0, 1, 0.000192314, 9.12584e-05, 0.208126)
body_offset = Transform3D(1.00038, 0.00835783, -0.0128269, -0.00997682, -0.281893, -0.9613, -0.0114732, 0.961706, -0.281591, 0.00247645, 0.200099, 0.0585208)

[node name="Physical Bone Chest" parent="untitled/untitled/Armature (Mecha g)/Skeleton3D" index="3"]
transform = Transform3D(0.987451, 0.124054, 0.101248, 0.154001, -0.565176, -0.811615, -0.0434481, 0.818297, -0.57641, -0.00294685, 1.517, 0.178856)
joint_offset = Transform3D(1, 0, 0, 0, 1, 0, 0, 0, 1, 0.00128967, -0.110019, 0.140783)
body_offset = Transform3D(0.996359, 0.0492946, 0.0742124, 0.0889713, -0.513413, -0.854513, -0.00410761, 0.859303, -0.515285, -0.00630951, 0.0637014, 0.167088)

[node name="Physical Bone Neck" parent="untitled/untitled/Armature (Mecha g)/Skeleton3D" index="4"]
transform = Transform3D(0.977827, 0.0538482, 0.202344, 0.114294, -0.946761, -0.300107, 0.175457, 0.316505, -0.93217, -0.035661, 1.58263, 0.295748)
joint_offset = Transform3D(1, 0, 0, 0, 1, 0, 0, 0, 1, -0.0175896, -0.156088, 0.23839)
body_offset = Transform3D(0.974934, -0.0472659, 0.217401, 0.0835868, -0.827553, -0.554757, 0.206182, 0.558885, -0.803075, -0.0420551, 0.00454718, 0.282307)

[node name="Physical Bone Head" parent="untitled/untitled/Armature (Mecha g)/Skeleton3D" index="5"]
transform = Transform3D(0.940482, -0.0756875, 0.333454, 0.0106008, -0.967892, -0.250591, 0.341885, 0.23917, -0.908998, -0.0871065, 1.61857, 0.433068)
joint_offset = Transform3D(1, 0, 0, 0, 1, 0, 0, 0, 1, -0.0650063, -0.294013, 0.298689)
body_offset = Transform3D(0.91776, -0.199255, 0.345409, -0.0836105, -0.942586, -0.32304, 0.390166, 0.267537, -0.881251, -0.102093, -0.186079, 0.367242)

[node name="Physical Bone Left shoulder" parent="untitled/untitled/Armature (Mecha g)/Skeleton3D" index="6"]
transform = Transform3D(-0.0830119, -0.526986, -0.845654, -0.635494, 0.681665, -0.362271, 0.767685, 0.507349, -0.391363, 0.0793033, 1.57595, 0.233795)
joint_offset = Transform3D(1, 0, 0, 0, 1, 0, 0, 0, 1, -0.174478, -0.0454188, 0.143139)
body_offset = Transform3D(0.781022, 0.45016, -0.432743, -0.277558, -0.370722, -0.886131, -0.559509, 0.812222, -0.16444, 0.218659, 0.0615742, -0.0371939)

[node name="Physical Bone Left arm" parent="untitled/untitled/Armature (Mecha g)/Skeleton3D" index="7"]
transform = Transform3D(-0.377131, 0.823568, -0.423421, -0.606773, 0.125604, 0.78479, 0.69959, 0.552816, 0.452443, 0.232848, 1.51921, 0.200396)
joint_offset = Transform3D(1, 0, 0, 0, 1, 0, 0, 0, 1, -0.189988, -0.135756, 0.0405479)
body_offset = Transform3D(0.799277, 0.0767662, 0.595919, 0.574029, 0.195141, -0.795137, -0.177412, 0.977586, 0.1119, 0.138111, 0.167791, 0.0944698)

[node name="Physical Bone Left elbow" parent="untitled/untitled/Armature (Mecha g)/Skeleton3D" index="8"]
transform = Transform3D(-0.499773, 0.830798, -0.252942, -0.0701933, 0.252214, 0.96492, 0.876807, 0.497983, -0.0672, 0.316331, 1.31685, 0.145597)
joint_offset = Transform3D(1, 0, 0, 0, 1, 0, 0, 0, 1, -0.0505737, -0.0770195, 0.0341885)
body_offset = Transform3D(0.950989, 0.102992, 0.32601, 0.323615, 0.0767361, -0.944335, -0.11994, 0.992637, 0.0389333, 0.0448816, 0.054562, 0.0690556)

[node name="Physical Bone Left wrist" parent="untitled/untitled/Armature (Mecha g)/Skeleton3D" index="9"]
transform = Transform3D(-0.190676, 0.981569, 0.0181426, 0.483152, 0.0775335, 0.872392, 0.855365, 0.174998, -0.488934, 0.37631, 1.0979, 0.235498)
joint_offset = Transform3D(1, 0, 0, 0, 1, 0, 0, 0, 1, -0.0478727, -0.0870293, 0.0691169)
body_offset = Transform3D(0.953898, -0.299381, 0.0420483, 0.0317832, -0.039573, -0.998939, 0.300851, 0.953372, -0.0283808, 0.0167044, 0.0671211, 0.0993354)

[node name="Physical Bone Right shoulder" parent="untitled/untitled/Armature (Mecha g)/Skeleton3D" index="10"]
transform = Transform3D(-0.542184, -0.517743, 0.661799, 0.23176, 0.663508, 0.710718, -0.808231, 0.537703, -0.240271, -0.0725384, 1.48251, 0.234989)
joint_offset = Transform3D(1, 0, 0, 0, 1, 0, 0, 0, 1, 0.169662, -0.0642962, 0.174514)
body_offset = Transform3D(0.875672, -0.456432, 0.158741, 0.41695, 0.545614, -0.726909, 0.245491, 0.701, 0.668755, -0.205618, 0.0911961, -0.113286)

[node name="Physical Bone Right arm" parent="untitled/untitled/Armature (Mecha g)/Skeleton3D" index="11"]
transform = Transform3D(-0.332534, -0.809118, 0.484392, 0.942262, -0.301083, 0.144568, 0.0289762, 0.504737, 0.862271, -0.309276, 1.29837, -0.20489)
joint_offset = Transform3D(1, 0, 0, 0, 1, 0, 0, 0, 1, 0.247947, -0.0516231, 0.312501)
body_offset = Transform3D(0.0820971, -0.163918, -0.982532, -0.881772, 0.447175, -0.148397, 0.463696, 0.879345, -0.107958, 0.278225, 0.288091, -0.0358403)

[node name="Physical Bone Right elbow" parent="untitled/untitled/Armature (Mecha g)/Skeleton3D" index="12"]
transform = Transform3D(-0.18255, -0.958291, -0.217084, 0.981867, -0.162524, -0.0987456, 0.0643089, -0.231765, 0.962436, -0.160876, 1.58098, -0.235235)
joint_offset = Transform3D(1, 0, 0, 0, 1, 0, 0, 0, 1, -0.277144, 0.0614717, 0.350174)
body_offset = Transform3D(-0.0624667, 0.500829, -0.855518, -0.938651, 0.265481, 0.216498, 0.341401, 0.822885, 0.452082, 0.251481, -0.352273, -0.114274)

[node name="Physical Bone Right wrist" parent="untitled/untitled/Armature (Mecha g)/Skeleton3D" index="13"]
transform = Transform3D(-0.277229, -0.921354, 0.274751, 0.722285, -0.388329, -0.572904, 0.634449, 0.0395638, 0.772564, -0.319286, 1.80555, 0.0568554)
joint_offset = Transform3D(1, 0, 0, 0, 1, 0, 0, 0, 1, -0.541436, 0.256599, 0.475459)
body_offset = Transform3D(-0.396298, 0.452356, -0.799551, -0.664767, 0.459923, 0.589294, 0.634122, 0.76492, 0.118378, 0.0495095, -0.758129, 0.090775)

[node name="Physical Bone Left leg" parent="untitled/untitled/Armature (Mecha g)/Skeleton3D" index="14"]
transform = Transform3D(0.948044, -0.258305, -0.185434, -0.261917, -0.965946, 0.00639273, -0.180572, 0.0423441, -0.98261, 0.135618, 0.912329, 0.188195)
joint_offset = Transform3D(1, 0, 0, 0, 1, 0, 0, 0, 1, 4.21181e-05, -0.000741854, 0.204105)
body_offset = Transform3D(0.876384, -0.463094, 0.131994, 0.422654, 0.608806, -0.671895, 0.230887, 0.645341, 0.728754, -0.0273211, 0.137571, -0.148273)

[node name="Physical Bone Left knee" parent="untitled/untitled/Armature (Mecha g)/Skeleton3D" index="15"]
transform = Transform3D(0.979138, -0.0925182, 0.180667, -0.189153, -0.0925692, 0.977412, -0.0737298, -0.990834, -0.107906, 0.13295, 0.732208, 0.431999)
joint_offset = Transform3D(1, 0, 0, 0, 1, 0, 0, 0, 1, 0.146994, 0.192974, -0.060004)
body_offset = Transform3D(0.915424, 0.114119, 0.385737, 0.256074, 0.574006, -0.777553, -0.310404, 0.810169, 0.496222, -0.133438, -0.195066, -0.0809391)

[node name="Physical Bone Left ankle" parent="untitled/untitled/Armature (Mecha g)/Skeleton3D" index="16"]
transform = Transform3D(0.957984, -0.282408, 0.0440682, -0.284977, -0.93206, 0.222545, -0.0218054, -0.226011, -0.973811, 0.0843961, 0.510115, 0.600545)
joint_offset = Transform3D(1, 0, 0, 0, 1, 0, 0, 0, 1, 0.253252, 0.278958, 0.50614)
body_offset = Transform3D(0.914698, -0.263605, 0.305427, 0.394275, 0.423887, -0.815094, 0.0854159, 0.866258, 0.492049, -0.312703, 0.194454, -0.512327)

[node name="Physical Bone Left toe" parent="untitled/untitled/Armature (Mecha g)/Skeleton3D" index="17"]
transform = Transform3D(-0.95877, 0.236523, -0.15627, 0.282857, 0.840755, -0.458302, 0.023049, -0.482921, -0.87358, 0.0830839, 0.492486, 0.770687)
joint_offset = Transform3D(1, 0, 0, 0, 1, 0, 0, 0, 1, -0.36703, -0.0202758, 0.611097)
body_offset = Transform3D(0.915499, -0.398284, -0.0495006, -0.232926, -0.424604, -0.873265, 0.327697, 0.810621, -0.482245, 0.358189, 0.43955, 0.431409)

[node name="Physical Bone Right leg" parent="untitled/untitled/Armature (Mecha g)/Skeleton3D" index="18"]
transform = Transform3D(0.900573, -0.256995, 0.352061, -0.253457, -0.966331, -0.0567762, 0.354795, -0.0384837, -0.93463, -0.170006, 0.925323, 0.178272)
joint_offset = Transform3D(1, 0, 0, 0, 1, 0, 0, 0, 1, 1.39046e-05, -0.000625126, 0.204038)
body_offset = Transform3D(0.967218, -0.158627, 0.201082, 0.2389, 0.841855, -0.484821, -0.0925577, 0.517146, 0.851598, -0.041141, 0.099445, -0.173434)

[node name="Physical Bone Right knee" parent="untitled/untitled/Armature (Mecha g)/Skeleton3D" index="19"]
transform = Transform3D(0.972444, 0.231698, -0.0284894, -0.0118476, 0.172418, 0.984666, 0.232846, -0.957507, 0.170562, -0.240385, 0.746763, 0.341498)
joint_offset = Transform3D(1, 0, 0, 0, 1, 0, 0, 0, 1, 0.0380283, 0.127463, -0.202123)
body_offset = Transform3D(0.999758, -0.00879744, 0.0204778, 0.0218691, 0.540519, -0.840938, -0.00321689, 0.841423, 0.540254, -0.0327587, -0.239701, 0.00206947)

[node name="Physical Bone Right ankle" parent="untitled/untitled/Armature (Mecha g)/Skeleton3D" index="20"]
transform = Transform3D(0.960228, -0.0894751, 0.267979, -0.136548, -0.976593, 0.164316, 0.24734, -0.19469, -0.949097, -0.272025, 0.529662, 0.444789)
joint_offset = Transform3D(1, 0, 0, 0, 1, 0, 0, 0, 1, 0.0722618, 0.326061, 0.486791)
body_offset = Transform3D(0.989507, -0.151321, -0.00110346, 0.0866693, 0.574501, -0.813428, 0.123384, 0.804173, 0.581318, -0.0216265, 0.202384, -0.554106)

[node name="Physical Bone Right toe" parent="untitled/untitled/Armature (Mecha g)/Skeleton3D" index="21"]
transform = Transform3D(-0.958963, 0.250584, 0.130255, 0.137096, 0.814861, -0.561426, -0.247038, -0.520424, -0.817271, -0.315109, 0.523826, 0.609569)
joint_offset = Transform3D(1, 0, 0, 0, 1, 0, 0, 0, 1, -0.0973221, -0.0769228, 0.660168)
body_offset = Transform3D(0.988208, -0.107773, 0.106051, 0.0236501, -0.581618, -0.812945, 0.149395, 0.804821, -0.572687, 0.0178728, 0.494242, 0.454518)

[node name="Physical Bone Spine001" parent="untitled/untitled/Armature (Mecha g)/Skeleton3D" index="22"]
transform = Transform3D(0.980906, 0.182001, -0.070027, -0.10966, 0.81143, 0.574338, 0.161298, -0.555714, 0.815777, 0.0332828, 0.754106, -0.345371)
joint_offset = Transform3D(1, 0, 0, 0, 1, 0, 0, 0, 1, -2.42218e-05, 0.000576604, 0.169146)
body_offset = Transform3D(1.00011, -7.77841e-06, 3.89367e-05, 0.000127628, 2.31862e-05, -1.00013, -8.3521e-05, 1.00018, -2.5928e-05, 1.7643e-05, 0.169168, -0.000572324)

[node name="Physical Bone Spine002" parent="untitled/untitled/Armature (Mecha g)/Skeleton3D" index="23"]
transform = Transform3D(0.987807, 0.153227, -0.0266765, -0.152167, 0.987314, 0.0319126, 0.0347024, -0.0322912, 0.848177, 0.0538206, 0.645079, -0.775767)
joint_offset = Transform3D(1, 0, 0, 0, 1, 0, 0, 0, 1, 0.000292894, 0.00176314, 0.345044)
body_offset = Transform3D(1.00006, -2.25115e-05, -0.00177955, -7.22706e-06, 7.33566e-05, -0.849194, 2.48479e-05, 0.999655, 9.38829e-05, 0.00032115, 0.293009, -0.00179493)

[node name="Physical Bone Spine003" parent="untitled/untitled/Armature (Mecha g)/Skeleton3D" index="24"]
transform = Transform3D(0.989283, 0.150663, -0.0194351, -0.151659, 0.985687, -0.07781, 0.00769254, 0.0803822, 0.992423, 0.0726814, 0.687958, -1.62214)
joint_offset = Transform3D(1, 0, 0, 0, 1, 0, 0, 0, 1, -0.000183626, 1.84944e-05, 0.186919)
body_offset = Transform3D(1.00087, 6.59609e-05, -1.46776e-06, -0.000210412, -6.34566e-05, -0.995658, 0.000113001, 1.00037, 8.54433e-05, 0.000184059, 0.186107, -3.44515e-05)

[node name="BoneAttachment3D" parent="untitled/untitled/Armature (Mecha g)/Skeleton3D" index="25"]
transform = Transform3D(-0.526006, -0.0773074, -0.84696, -0.00351679, -0.995654, 0.0930638, -0.850473, 0.0519308, 0.523449, -0.294848, 0.786429, 0.104169)

[node name="Area3D" parent="untitled/untitled" index="2"]
collision_layer = 7

[node name="RigidBody3D" parent="." instance=ExtResource("4_f1ch3")]
transform = Transform3D(1, 0, 0, 0, 1, 0, 0, 0, 1, -5.55503, -0.693121, 3)

[node name="CSGCombiner3D" type="CSGCombiner3D" parent="."]

[node name="env_item_fridge" parent="." instance=ExtResource("5_b5jrv")]
transform = Transform3D(-0.00603879, 0, -0.999982, 0, 1, 0, 0.999982, 0, -0.00603879, -2.84274, -2, -11.4489)

[node name="Node3D2" parent="." instance=ExtResource("6_bxryp")]
transform = Transform3D(1, 0, 0, 0, 1, 0, 0, 0, 1, 2.63836, -2, 5.44145)

[node name="tv" parent="." instance=ExtResource("8_s2bro")]
transform = Transform3D(1, 0, 0, 0, 1, 0, 0, 0, 1, 7.25742, -0.574368, 5.24365)

[node name="tv2" parent="." instance=ExtResource("8_s2bro")]
transform = Transform3D(1, 0, 0, 0, 1, 0, 0, 0, 1, 8, -0.601321, -3.72968)

[node name="house_meshes_with_items" parent="." instance=ExtResource("7_kjfmu")]

[node name="Cylinder002__0001" parent="house_meshes_with_items/Low-Poly basic floor lamp/Cylinder002" index="1"]
surface_material_override/0 = SubResource("StandardMaterial3D_h5r0s")

[node name="Cylinder002__0003" parent="house_meshes_with_items/Low-Poly basic floor lamp/Cylinder002" index="3"]
layers = 4

[node name="ChamferBox02" parent="house_meshes_with_items/Office Computer/SANDALI" index="4"]
visible = false

[node name="CSGBox3D" type="CSGBox3D" parent="house_meshes_with_items"]
transform = Transform3D(1, 0, 0, 0, 1, 0, 0, 0, 1, 10.3823, 0, 0)
visible = false
use_collision = true
collision_layer = 7
collision_mask = 3
size = Vector3(1.24662, 1.14764, 5.079)

[node name="CSGBox3D2" type="CSGBox3D" parent="house_meshes_with_items"]
transform = Transform3D(1, 0, 0, 0, 1, 0, 0, 0, 1, -6.1813, -1.42578, -11.8297)
visible = false
use_collision = true
collision_layer = 7
collision_mask = 3
size = Vector3(4.3907, 1.14764, 2.19178)

[node name="CSGBox3D3" type="CSGBox3D" parent="house_meshes_with_items"]
transform = Transform3D(-4.37114e-08, 0, 1, 0, 1, 0, -1, 0, -4.37114e-08, -8.44788, -1.72071, -9.45698)
visible = false
use_collision = true
collision_layer = 7
collision_mask = 3
size = Vector3(6.78634, 1.74758, 1.66863)

[node name="CSGBox3D4" type="CSGBox3D" parent="house_meshes_with_items"]
transform = Transform3D(-4.37114e-08, 0, 1, 0, 1, 0, -1, 0, -4.37114e-08, -5.1678, -1.73009, 4.05715)
visible = false
use_collision = true
collision_layer = 7
collision_mask = 3
size = Vector3(1.73891, 1.74758, 3.28912)

[node name="CSGBox3D5" type="CSGBox3D" parent="house_meshes_with_items"]
transform = Transform3D(0.74353, 0, 0.668703, 0, 1, 0, -0.668703, 0, 0.74353, 5.4034, -1.73009, 3.73341)
visible = false
use_collision = true
collision_layer = 7
collision_mask = 3
size = Vector3(1.2489, 1.74758, 1.33577)

[node name="CSGBox3D6" type="CSGBox3D" parent="house_meshes_with_items"]
transform = Transform3D(0.454721, 0, 0.890634, 0, 1, 0, -0.890634, 0, 0.454721, 7.64734, -1.73009, 5.58611)
visible = false
use_collision = true
collision_layer = 7
collision_mask = 3
size = Vector3(2.37613, 1.74758, 1.33577)

[node name="CSGBox3D7" type="CSGBox3D" parent="house_meshes_with_items"]
transform = Transform3D(-0.0305211, 0, 0.999534, 0, 1, 0, -0.999534, 0, -0.0305211, 8.44035, -1.4779, -2.62766)
visible = false
use_collision = true
collision_layer = 7
collision_mask = 3
size = Vector3(2.37613, 1.74758, 1.33577)

[node name="CSGBox3D8" type="CSGBox3D" parent="house_meshes_with_items"]
transform = Transform3D(-0.0305211, 0, 0.999534, 0, 1, 0, -0.999534, 0, -0.0305211, 8.25434, -1.7807, -8.71927)
visible = false
use_collision = true
collision_layer = 7
collision_mask = 3
size = Vector3(3.35468, 1.74758, 1.33577)

[node name="CSGBox3D9" type="CSGBox3D" parent="house_meshes_with_items"]
transform = Transform3D(-0.0305211, 0, 0.999534, 0, 1, 0, -0.999534, 0, -0.0305211, 6.74582, -1.7807, -9.20256)
visible = false
use_collision = true
collision_layer = 7
collision_mask = 3
size = Vector3(1.16181, 1.74758, 1.33577)

[node name="CSGBox3D10" type="CSGBox3D" parent="house_meshes_with_items"]
transform = Transform3D(-0.0305211, 0, 0.999534, 0, 1, 0, -0.999534, 0, -0.0305211, 6.79772, -1.7807, -7.50303)
visible = false
use_collision = true
collision_layer = 7
collision_mask = 3
size = Vector3(0.667681, 1.74758, 1.33577)

[node name="CSGBox3D11" type="CSGBox3D" parent="house_meshes_with_items"]
transform = Transform3D(-0.0305211, 0, 0.999534, 0, 1, 0, -0.999534, 0, -0.0305211, 2.43196, -1.7807, -6.38301)
visible = false
use_collision = true
collision_layer = 7
collision_mask = 3
size = Vector3(0.954175, 3.02287, 2.88442)

[node name="CSGBox3D12" type="CSGBox3D" parent="house_meshes_with_items"]
transform = Transform3D(-0.0305211, 0, 0.999534, 0, 1, 0, -0.999534, 0, -0.0305211, 2.27033, -1.7807, -11.6761)
visible = false
use_collision = true
collision_layer = 7
collision_mask = 3
size = Vector3(1.99562, 1.13893, 4.32191)

[node name="cereal" parent="." instance=ExtResource("9_qph82")]
transform = Transform3D(0.456399, 0, 0.889775, 0, 1, 0, -0.889775, 0, 0.456399, -7.8167, -0.387366, -8.45286)

[node name="milk" parent="." instance=ExtResource("10_veexa")]
transform = Transform3D(1, 0, 0, 0, 1, 0, 0, 0, 1, -7.67444, 0, -7.72406)

[node name="RigidBody3D2" parent="." instance=ExtResource("11_v2hmo")]
transform = Transform3D(1, 0, 0, 0, 1, 0, 0, 0, 1, -5.27999, -0.198928, -11.1154)

[node name="pillow_1" parent="." instance=ExtResource("12_piopk")]
transform = Transform3D(1, 0, 0, 0, 1, 0, 0, 0, 1, 5.03464, -0.5771, 2.55401)

[node name="pillow_2" parent="." instance=ExtResource("12_piopk")]
transform = Transform3D(1, 0, 0, 0, 1, 0, 0, 0, 1, 3.93313, -0.717986, -11.4588)

[node name="Node3D3" parent="." instance=ExtResource("13_h1oml")]
transform = Transform3D(1, 0, 0, 0, 1, 0, 0, 0, 1, 4.90179, -2, -1.96846)

[node name="rain" parent="." instance=ExtResource("14_om8kc")]
transform = Transform3D(1, 0, 0, 0, 1, 0, 0, 0, 1, 3.75325, 0, 17.6641)

[node name="rain2" parent="." instance=ExtResource("14_om8kc")]
transform = Transform3D(1, 0, 0, 0, 1, 0, 0, 0, 1, 19.5577, 0, 4.20738)

[node name="rain3" parent="." instance=ExtResource("14_om8kc")]
transform = Transform3D(1, 0, 0, 0, 1, 0, 0, 0, 1, 22.4362, 0, -14.7986)

[node name="rain4" parent="." instance=ExtResource("14_om8kc")]
transform = Transform3D(1, 0, 0, 0, 1, 0, 0, 0, 1, 3.99052, 0, -23.0942)

[connection signal="animation_started" from="untitled/untitled/AnimationPlayer" to="untitled" method="_on_animation_player_animation_started"]
[connection signal="body_exited" from="untitled/untitled/Area3D" to="untitled/untitled/Armature (Mecha g)/Skeleton3D/BoneAttachment3D" method="_on_area_3d_body_exited"]

[editable path="coffee"]
[editable path="coffee2"]
[editable path="coffee3"]
[editable path="untitled"]
[editable path="untitled/untitled"]
[editable path="house_meshes_with_items"]
