[gd_scene load_steps=10 format=3 uid="uid://btp5snpmod6i"]

[ext_resource type="Texture2D" uid="uid://d3uyn04t7gn5i" path="res://textures/Orange/texture_01.png" id="2_547ht"]
[ext_resource type="PackedScene" uid="uid://dynlqlpmlpa5p" path="res://ITEMS/coffee_cup.tscn" id="3_ln8wc"]
[ext_resource type="PackedScene" uid="uid://bqv7os70gkkry" path="res://animations/character_movement_2.tscn" id="3_pbcwd"]

[sub_resource type="Environment" id="Environment_cm4hq"]
volumetric_fog_enabled = true

[sub_resource type="CameraAttributesPractical" id="CameraAttributesPractical_ugn23"]

[sub_resource type="ImageTexture3D" id="ImageTexture3D_alsww"]

[sub_resource type="FogMaterial" id="FogMaterial_ush73"]
density = 3.4242
emission = Color(0.666667, 0.666667, 0.666667, 1)
density_texture = SubResource("ImageTexture3D_alsww")

[sub_resource type="ShaderMaterial" id="ShaderMaterial_1dirg"]

[sub_resource type="StandardMaterial3D" id="StandardMaterial3D_l1td8"]
albedo_texture = ExtResource("2_547ht")
uv1_triplanar = true

[node name="WorldEnvironment" type="WorldEnvironment"]
environment = SubResource("Environment_cm4hq")
camera_attributes = SubResource("CameraAttributesPractical_ugn23")

[node name="Node3D" type="Node3D" parent="."]

[node name="OmniLight3D" type="OmniLight3D" parent="Node3D"]
transform = Transform3D(1, 0, 0, 0, 1, 0, 0, 0, 1, 0, 0.97587, 0)
omni_range = 4.0

[node name="FogVolume" type="FogVolume" parent="Node3D"]
transform = Transform3D(1, 0, 0, 0, 1, 0, 0, 0, 1, -13, -1.02413, 0)
size = Vector3(7, 1, 5)
material = SubResource("FogMaterial_ush73")

[node name="OmniLight3D2" type="OmniLight3D" parent="Node3D"]
transform = Transform3D(1, 0, 0, 0, 1, 0, 0, 0, 1, -12, 0.97587, 0)
light_color = Color(0.145098, 1, 0.133333, 1)

[node name="CSGBox3D2" type="CSGBox3D" parent="Node3D"]
transform = Transform3D(1, 0, 0, 0, 1, 0, 0, 0, 1, -11, 0, 0)
material_override = SubResource("ShaderMaterial_1dirg")
material_overlay = SubResource("StandardMaterial3D_l1td8")
use_collision = true
collision_layer = 7
collision_mask = 3
size = Vector3(12, 8, 8)

[node name="CSGBox3D5" type="CSGBox3D" parent="Node3D/CSGBox3D2"]
transform = Transform3D(1, 0, 0, 0, 1, 0, 0, 0, 1, 1, 0, -4)
operation = 2
size = Vector3(2, 4, 4)

[node name="CSGBox3D2" type="CSGBox3D" parent="Node3D/CSGBox3D2"]
operation = 2
size = Vector3(8, 4, 6)

[node name="CSGBox3D3" type="CSGBox3D" parent="Node3D/CSGBox3D2"]
transform = Transform3D(1, 0, 0, 0, 1, 0, 0, 0, 1, 4, 0, -1)
operation = 2
size = Vector3(6, 4, 2)

[node name="CSGBox3D3" type="CSGBox3D" parent="Node3D"]
transform = Transform3D(1, 0, 0, 0, 1, 0, 0, 0, 1, -5, 0, -7)
material_override = SubResource("ShaderMaterial_1dirg")
material_overlay = SubResource("StandardMaterial3D_l1td8")
use_collision = true
collision_layer = 7
collision_mask = 3
size = Vector3(22, 8, 6)

[node name="CSGBox3D2" type="CSGBox3D" parent="Node3D/CSGBox3D3"]
transform = Transform3D(1, 0, 0, 0, 1, 0, 0, 0, 1, 1, 0, 1)
operation = 2
size = Vector3(16, 4, 4)

[node name="CSGBox3D" type="CSGBox3D" parent="Node3D"]
material_override = SubResource("ShaderMaterial_1dirg")
material_overlay = SubResource("StandardMaterial3D_l1td8")
use_collision = true
collision_layer = 7
collision_mask = 3
size = Vector3(12, 8, 8)

[node name="CSGBox3D2" type="CSGBox3D" parent="Node3D/CSGBox3D"]
operation = 2
size = Vector3(10, 4, 6)

[node name="CSGBox3D3" type="CSGBox3D" parent="Node3D/CSGBox3D"]
transform = Transform3D(1, 0, 0, 0, 1, 0, 0, 0, 1, -5, 0, -1)
operation = 2
size = Vector3(2, 4, 2)

[node name="CSGBox3D4" type="CSGBox3D" parent="Node3D/CSGBox3D"]
transform = Transform3D(1, 0, 0, 0, 1, 0, 0, 0, 1, 1, 0, -4)
operation = 2
size = Vector3(2, 4, 4)

[node name="coffee" parent="." instance=ExtResource("3_ln8wc")]
transform = Transform3D(1, 0, 0, 0, 1, 0, 0, 0, 1, -2.26213, -0.815835, 0.929564)
collision_layer = 8
collision_mask = 8

[node name="untitled" parent="." instance=ExtResource("3_pbcwd")]
transform = Transform3D(1, 0, 0, 0, 1, 0, 0, 0, 1, -0.994941, -0.833669, 1.44332)

[node name="Physical Bone Hips" parent="untitled/untitled/Armature (Mecha g)/Skeleton3D" index="1"]
transform = Transform3D(-0.999532, 3.24621e-05, -1.68979e-05, -1.29338e-05, -0.0362334, -0.999019, -4.06385e-05, -0.999501, 0.0362169, 1.0848e-05, 0.980679, -0.0148089)
joint_offset = Transform3D(1, 0, 0, 0, 1, 0, 0, 0, 1, 9.84965e-06, -3.74229e-06, 0.0664055)
body_offset = Transform3D(-0.999532, 3.24566e-05, -1.68976e-05, 4.06331e-05, 0.999501, -0.0362169, -1.29338e-05, -0.0362334, -0.999019, 1.09673e-05, 0.00240874, 0.0663403)

[node name="Physical Bone Spine" parent="untitled/untitled/Armature (Mecha g)/Skeleton3D" index="2"]
transform = Transform3D(1.0002, -0.00250922, 0.0278333, 0.0276503, -0.0528203, -0.999533, 0.00409065, 1.00035, -0.0527643, -0.00587261, 1.2552, -0.00619912)
joint_offset = Transform3D(1, 0, 0, 0, 1, 0, 0, 0, 1, 6.77258e-05, 3.94299e-06, 0.208557)
body_offset = Transform3D(1.00017, 0.0274433, 0.00944774, 0.00968808, -0.00836355, -1.00123, -0.0272086, 1.00134, -0.00867883, -0.00203824, 0.208813, 0.00180793)

[node name="Physical Bone Chest" parent="untitled/untitled/Armature (Mecha g)/Skeleton3D" index="3"]
transform = Transform3D(0.988956, -0.0074736, 0.150408, 0.149812, -0.0493492, -0.988086, 0.0148456, 0.998905, -0.0476985, -0.0261415, 1.55942, 0.00938749)
joint_offset = Transform3D(1, 0, 0, 0, 1, 0, 0, 0, 1, 0.00413527, -0.00349233, 0.0959819)
body_offset = Transform3D(0.988818, 0.0815464, 0.127686, 0.130107, -0.0256573, -0.991772, -0.0775232, 0.996492, -0.035994, -0.0160598, 0.0945646, 0.00725543)

[node name="Physical Bone Neck" parent="untitled/untitled/Armature (Mecha g)/Skeleton3D" index="4"]
transform = Transform3D(0.984545, 0.0361112, 0.171445, 0.175012, -0.244119, -0.953496, 0.00740487, 0.968884, -0.246694, -0.0558594, 1.7396, 0.035952)
joint_offset = Transform3D(1, 0, 0, 0, 1, 0, 0, 0, 1, 0.0291561, -0.00754198, 0.0930064)
body_offset = Transform3D(0.981143, 0.109893, 0.159073, 0.163956, -0.0372321, -0.985454, -0.102423, 0.993062, -0.0546103, -0.0425723, 0.0865924, 0.015555)

[node name="Physical Bone Head" parent="untitled/untitled/Armature (Mecha g)/Skeleton3D" index="5"]
transform = Transform3D(0.980829, 0.00353903, 0.20003, 0.200148, -0.0133364, -0.98007, -0.000436835, 1.00025, -0.0137766, -0.0891104, 1.91174, 0.0588658)
joint_offset = Transform3D(1, 0, 0, 0, 1, 0, 0, 0, 1, 0.0584796, -0.0145769, 0.0936947)
body_offset = Transform3D(0.971886, 0.06498, 0.23084, 0.234495, -0.0537788, -0.971032, -0.0503395, 0.996779, -0.0674396, -0.0775169, 0.0764835, 0.0237925)

[node name="Physical Bone Left shoulder" parent="untitled/untitled/Armature (Mecha g)/Skeleton3D" index="6"]
transform = Transform3D(-0.0265106, -0.392273, -0.919421, -0.0187344, 0.919739, -0.39173, 0.999505, 0.00684912, -0.0317302, 0.058527, 1.63877, 0.0182784)
joint_offset = Transform3D(1, 0, 0, 0, 1, 0, 0, 0, 1, -0.00699881, -0.00669723, 0.0716497)
body_offset = Transform3D(0.986889, 0.00922707, -0.161315, -0.161389, 0.00515642, -0.986775, -0.00826057, 0.999866, 0.0067345, 0.018527, 0.0696071, 0.006156)

[node name="Physical Bone Left arm" parent="untitled/untitled/Armature (Mecha g)/Skeleton3D" index="7"]
transform = Transform3D(-0.64978, 0.709587, -0.272336, -0.0327511, 0.331718, 0.942683, 0.759336, 0.621416, -0.192335, 0.188745, 1.51834, 0.0531808)
joint_offset = Transform3D(1, 0, 0, 0, 1, 0, 0, 0, 1, -0.0406425, -0.00746922, 0.170128)
body_offset = Transform3D(0.952589, 0.261245, -0.155389, -0.144618, -0.060155, -0.987563, -0.267465, 0.963245, -0.019593, 0.067103, 0.161686, -0.000342429)

[node name="Physical Bone Left elbow" parent="untitled/untitled/Armature (Mecha g)/Skeleton3D" index="8"]
transform = Transform3D(-0.604294, 0.773137, -0.1962, 0.109581, 0.324329, 0.939896, 0.789523, 0.546698, -0.280662, 0.256425, 1.25583, 0.117298)
joint_offset = Transform3D(1, 0, 0, 0, 1, 0, 0, 0, 1, -0.0897061, -0.0193028, 0.130938)
body_offset = Transform3D(0.935726, 0.259093, 0.240504, 0.23352, 0.0582442, -0.970973, -0.26535, 0.965032, -0.00627019, 0.0574504, 0.14921, -0.00435466)

[node name="Physical Bone Left wrist" parent="untitled/untitled/Armature (Mecha g)/Skeleton3D" index="9"]
transform = Transform3D(-0.667136, 0.738696, 0.0985091, 0.363486, 0.207263, 0.908246, 0.650339, 0.641936, -0.406727, 0.265467, 1.03411, 0.200532)
joint_offset = Transform3D(1, 0, 0, 0, 1, 0, 0, 0, 1, -0.02813, -0.012093, 0.161143)
body_offset = Transform3D(0.922826, 0.269759, -0.275412, -0.271225, -0.0531116, -0.961046, -0.273792, 0.961832, 0.0240937, 0.0736021, 0.146594, 4.71473e-05)

[node name="Physical Bone Right shoulder" parent="untitled/untitled/Armature (Mecha g)/Skeleton3D" index="10"]
transform = Transform3D(-0.0767016, -0.0994106, 0.99249, -0.0164071, 0.994307, 0.0984071, -0.997369, -0.00870322, -0.0779564, -0.130422, 1.59195, 0.0224546)
joint_offset = Transform3D(1, 0, 0, 0, 1, 0, 0, 0, 1, 0.00565778, 0.00128651, 0.114902)
body_offset = Transform3D(0.98047, -0.0333905, 0.196115, 0.185448, 0.50993, -0.840193, -0.0720062, 0.858755, 0.506372, -0.0280384, 0.0948347, -0.0588806)

[node name="Physical Bone Right arm" parent="untitled/untitled/Armature (Mecha g)/Skeleton3D" index="11"]
transform = Transform3D(-0.241517, -0.964208, 0.109748, -0.106156, 0.138632, 0.984466, -0.964139, 0.226236, -0.135901, -0.240345, 1.41935, 0.0521393)
joint_offset = Transform3D(1, 0, 0, 0, 1, 0, 0, 0, 1, 0.0229733, -0.0341173, 0.274491)
body_offset = Transform3D(0.974139, 0.187265, 0.123287, 0.0945136, 0.155465, -0.983166, -0.203182, 0.96998, 0.133686, -0.0498315, 0.273003, 0.00106525)

[node name="Physical Bone Right elbow" parent="untitled/untitled/Armature (Mecha g)/Skeleton3D" index="12"]
transform = Transform3D(-0.154938, -0.983846, 0.0902974, -0.209686, 0.121953, 0.970406, -0.966206, 0.131199, -0.225183, -0.268753, 1.14648, 0.100126)
joint_offset = Transform3D(1, 0, 0, 0, 1, 0, 0, 0, 1, 0.0417387, 0.0221562, 0.230606)
body_offset = Transform3D(0.936365, 0.234693, -0.26366, -0.278119, 0.0291875, -0.960457, -0.217715, 0.971651, 0.0924958, 0.0165191, 0.232449, -0.033771)

[node name="Physical Bone Right wrist" parent="untitled/untitled/Armature (Mecha g)/Skeleton3D" index="13"]
transform = Transform3D(-0.26023, -0.957299, 0.129629, -0.200822, 0.184973, 0.962264, -0.944786, 0.224272, -0.240334, -0.295669, 0.914365, 0.15627)
joint_offset = Transform3D(1, 0, 0, 0, 1, 0, 0, 0, 1, -0.0181594, 0.0359278, 0.253588)
body_offset = Transform3D(1.00014, 0.0148563, -0.013112, -0.0138727, 0.0464443, -0.999085, -0.0141422, 0.999278, 0.046629, 0.0209532, 0.251435, -0.0479832)

[node name="Physical Bone Left leg" parent="untitled/untitled/Armature (Mecha g)/Skeleton3D" index="14"]
transform = Transform3D(0.902026, -0.0578213, -0.427842, 0.289341, -0.654463, 0.698874, -0.320471, -0.755037, -0.573105, 0.185272, 0.771545, 0.104455)
joint_offset = Transform3D(1, 0, 0, 0, 1, 0, 0, 0, 1, 5.43798e-05, -0.000191217, 0.20412)
body_offset = Transform3D(0.964036, -0.0699321, -0.256474, -0.247496, 0.11535, -0.961942, 0.0972169, 0.991741, 0.0938662, 0.0522857, 0.196387, -0.0189756)

[node name="Physical Bone Left knee" parent="untitled/untitled/Armature (Mecha g)/Skeleton3D" index="15"]
transform = Transform3D(0.897138, -0.441199, 0.0236744, 0.203147, 0.459774, 0.864461, -0.39221, -0.770962, 0.502116, 0.267969, 0.459728, 0.123141)
joint_offset = Transform3D(1, 0, 0, 0, 1, 0, 0, 0, 1, -0.0954135, 0.0310328, 0.144982)
body_offset = Transform3D(0.968403, -0.246049, -0.0407481, 0.0223299, 0.248203, -0.968478, 0.248297, 0.937169, 0.245689, 0.105942, 0.13484, -0.0410126)

[node name="Physical Bone Left ankle" parent="untitled/untitled/Armature (Mecha g)/Skeleton3D" index="16"]
transform = Transform3D(0.888489, -0.290813, -0.354742, 0.0191867, -0.748966, 0.662001, -0.458314, -0.595218, -0.659981, 0.314585, 0.19506, 0.120204)
joint_offset = Transform3D(1, 0, 0, 0, 1, 0, 0, 0, 1, -0.0814862, 0.0833976, 0.253168)
body_offset = Transform3D(0.980618, -0.144797, -0.13133, -0.123084, 0.0644009, -0.990122, 0.151893, 0.987266, 0.0455078, 0.125231, 0.235267, -0.0814795)

[node name="Physical Bone Left toe" parent="untitled/untitled/Armature (Mecha g)/Skeleton3D" index="17"]
transform = Transform3D(-0.888709, -0.0257869, -0.458372, -0.0204097, 0.999525, -0.0167295, 0.458275, -0.00550772, -0.889611, 0.381095, 0.100009, 0.245175)
joint_offset = Transform3D(1, 0, 0, 0, 1, 0, 0, 0, 1, 0.117023, 0.000132324, 0.18441)
body_offset = Transform3D(0.980868, -0.0170961, 0.194699, 0.19418, -0.0202961, -0.981636, 0.020713, 0.999521, -0.0166047, -0.150686, 0.158303, 0.000505924)

[node name="Physical Bone Right leg" parent="untitled/untitled/Armature (Mecha g)/Skeleton3D" index="18"]
transform = Transform3D(0.980995, 0.0846948, 0.177371, -0.0866584, -0.623886, 0.776994, 0.176629, -0.777597, -0.604412, -0.134183, 0.755696, 0.110854)
joint_offset = Transform3D(1, 0, 0, 0, 1, 0, 0, 0, 1, -3.07575e-06, -0.00012131, 0.204078)
body_offset = Transform3D(0.993713, -0.0530068, -0.104016, -0.10047, 0.0646874, -0.993064, 0.0591521, 0.99703, 0.0591567, 0.021224, 0.20267, -0.0119514)

[node name="Physical Bone Right knee" parent="untitled/untitled/Armature (Mecha g)/Skeleton3D" index="19"]
transform = Transform3D(0.981116, 0.126247, -0.147982, 0.0414654, 0.607893, 0.792915, 0.190125, -0.784089, 0.591044, -0.141401, 0.441981, 0.11843)
joint_offset = Transform3D(1, 0, 0, 0, 1, 0, 0, 0, 1, -0.0427644, 0.0120137, 0.175487)
body_offset = Transform3D(0.992023, -0.127834, 0.00150044, 0.00793739, 0.050456, -0.998673, 0.127602, 0.990647, 0.0509519, 0.0436957, 0.174987, -0.0153859)

[node name="Physical Bone Right ankle" parent="untitled/untitled/Armature (Mecha g)/Skeleton3D" index="20"]
transform = Transform3D(0.984739, 0.120775, 0.128757, 0.00363603, -0.742637, 0.669348, 0.176793, -0.65861, -0.731459, -0.131025, 0.190236, 0.108398)
joint_offset = Transform3D(1, 0, 0, 0, 1, 0, 0, 0, 1, -0.0392204, 0.0237602, 0.173805)
body_offset = Transform3D(0.975741, -0.16094, -0.15182, -0.140076, 0.0819538, -0.986546, 0.171136, 0.983486, 0.0575831, 0.0684799, 0.164025, -0.026664)

[node name="Physical Bone Right toe" parent="untitled/untitled/Armature (Mecha g)/Skeleton3D" index="21"]
transform = Transform3D(-0.984024, 0.002902, 0.176513, -0.0035577, 0.998801, -0.0357736, -0.176451, -0.0361126, -0.983558, -0.155561, 0.0947922, 0.247037)
joint_offset = Transform3D(1, 0, 0, 0, 1, 0, 0, 0, 1, 0.0796891, -0.010991, 0.0905142)
body_offset = Transform3D(0.974948, -0.00992463, 0.220996, 0.219712, -0.0721193, -0.972818, 0.0255662, 0.996803, -0.067882, -0.0978051, 0.0697526, 0.0150628)

[node name="Physical Bone Spine001" parent="untitled/untitled/Armature (Mecha g)/Skeleton3D" index="22"]
transform = Transform3D(0.980917, 0.182005, -0.0700817, -0.109659, 0.811429, 0.574349, 0.161297, -0.555694, 0.815789, 0.0333539, 0.754647, -0.34546)
joint_offset = Transform3D(1, 0, 0, 0, 1, 0, 0, 0, 1, -1.16918e-05, 7.65238e-05, 0.168909)
body_offset = Transform3D(1.00012, -8.86619e-07, -1.40518e-05, 0.000128612, 7.77841e-06, -1.00015, -7.96914e-05, 1.00017, -3.33786e-05, 1.40667e-05, 0.168934, -7.08997e-05)

[node name="Physical Bone Spine002" parent="untitled/untitled/Armature (Mecha g)/Skeleton3D" index="23"]
transform = Transform3D(0.987847, 0.153305, -0.0293842, -0.152175, 0.988157, 0.0372354, 0.034705, -0.0323081, 0.999946, 0.0538151, 0.646794, -0.775878)
joint_offset = Transform3D(1, 0, 0, 0, 1, 0, 0, 0, 1, -5.13172e-05, 8.57137e-05, 0.292742)
body_offset = Transform3D(1.0001, -7.44823e-05, 1.45659e-06, -8.30367e-06, 6.11655e-05, -1.00107, 2.29338e-05, 1.0005, 4.46439e-05, 5.09024e-05, 0.293056, -9.88245e-05)

[node name="Physical Bone Spine003" parent="untitled/untitled/Armature (Mecha g)/Skeleton3D" index="24"]
transform = Transform3D(0.98941, 0.150241, -0.0174857, -0.15118, 0.983758, -0.100877, 0.00226685, 0.102804, 0.991813, 0.0658017, 0.654697, -1.25371)
joint_offset = Transform3D(1, 0, 0, 0, 1, 0, 0, 0, 1, -0.000174752, 0.000117636, 0.186644)
body_offset = Transform3D(1.0009, 4.67213e-05, -1.00955e-05, -0.000209072, -6.2421e-05, -0.997083, 0.000111669, 1.00046, 3.44291e-05, 0.000176787, 0.1861, -0.000124097)

[editable path="coffee"]
[editable path="untitled"]
[editable path="untitled/untitled"]
