[gd_scene load_steps=10 format=3 uid="uid://btp5snpmod6i"]

[ext_resource type="Texture2D" uid="uid://d3uyn04t7gn5i" path="res://textures/Orange/texture_01.png" id="2_547ht"]
[ext_resource type="PackedScene" uid="uid://dynlqlpmlpa5p" path="res://ITEMS/coffee_cup.tscn" id="3_ln8wc"]
[ext_resource type="PackedScene" uid="uid://bqv7os70gkkry" path="res://animations/character_movement_2.tscn" id="3_pbcwd"]

[sub_resource type="Environment" id="Environment_cm4hq"]
volumetric_fog_enabled = true

[sub_resource type="CameraAttributesPractical" id="CameraAttributesPractical_ugn23"]

[sub_resource type="ImageTexture3D" id="ImageTexture3D_alsww"]

[sub_resource type="FogMaterial" id="FogMaterial_ush73"]
density = 3.4242
emission = Color(0.666667, 0.666667, 0.666667, 1)
density_texture = SubResource("ImageTexture3D_alsww")

[sub_resource type="ShaderMaterial" id="ShaderMaterial_1dirg"]

[sub_resource type="StandardMaterial3D" id="StandardMaterial3D_l1td8"]
albedo_texture = ExtResource("2_547ht")
uv1_triplanar = true

[node name="WorldEnvironment" type="WorldEnvironment"]
environment = SubResource("Environment_cm4hq")
camera_attributes = SubResource("CameraAttributesPractical_ugn23")

[node name="Node3D" type="Node3D" parent="."]

[node name="OmniLight3D" type="OmniLight3D" parent="Node3D"]
transform = Transform3D(1, 0, 0, 0, 1, 0, 0, 0, 1, 0, 0.97587, 0)
omni_range = 4.0

[node name="FogVolume" type="FogVolume" parent="Node3D"]
transform = Transform3D(1, 0, 0, 0, 1, 0, 0, 0, 1, -13, -1.02413, 0)
size = Vector3(7, 1, 5)
material = SubResource("FogMaterial_ush73")

[node name="OmniLight3D2" type="OmniLight3D" parent="Node3D"]
transform = Transform3D(1, 0, 0, 0, 1, 0, 0, 0, 1, -12, 0.97587, 0)
light_color = Color(0.145098, 1, 0.133333, 1)

[node name="CSGBox3D2" type="CSGBox3D" parent="Node3D"]
transform = Transform3D(1, 0, 0, 0, 1, 0, 0, 0, 1, -11, 0, 0)
material_override = SubResource("ShaderMaterial_1dirg")
material_overlay = SubResource("StandardMaterial3D_l1td8")
use_collision = true
collision_layer = 7
collision_mask = 3
size = Vector3(12, 8, 8)

[node name="CSGBox3D5" type="CSGBox3D" parent="Node3D/CSGBox3D2"]
transform = Transform3D(1, 0, 0, 0, 1, 0, 0, 0, 1, 1, 0, -4)
operation = 2
size = Vector3(2, 4, 4)

[node name="CSGBox3D2" type="CSGBox3D" parent="Node3D/CSGBox3D2"]
operation = 2
size = Vector3(8, 4, 6)

[node name="CSGBox3D3" type="CSGBox3D" parent="Node3D/CSGBox3D2"]
transform = Transform3D(1, 0, 0, 0, 1, 0, 0, 0, 1, 4, 0, -1)
operation = 2
size = Vector3(6, 4, 2)

[node name="CSGBox3D3" type="CSGBox3D" parent="Node3D"]
transform = Transform3D(1, 0, 0, 0, 1, 0, 0, 0, 1, -5, 0, -7)
material_override = SubResource("ShaderMaterial_1dirg")
material_overlay = SubResource("StandardMaterial3D_l1td8")
use_collision = true
collision_layer = 7
collision_mask = 3
size = Vector3(22, 8, 6)

[node name="CSGBox3D2" type="CSGBox3D" parent="Node3D/CSGBox3D3"]
transform = Transform3D(1, 0, 0, 0, 1, 0, 0, 0, 1, 1, 0, 1)
operation = 2
size = Vector3(16, 4, 4)

[node name="CSGBox3D" type="CSGBox3D" parent="Node3D"]
material_override = SubResource("ShaderMaterial_1dirg")
material_overlay = SubResource("StandardMaterial3D_l1td8")
use_collision = true
collision_layer = 7
collision_mask = 3
size = Vector3(12, 8, 8)

[node name="CSGBox3D2" type="CSGBox3D" parent="Node3D/CSGBox3D"]
operation = 2
size = Vector3(10, 4, 6)

[node name="CSGBox3D3" type="CSGBox3D" parent="Node3D/CSGBox3D"]
transform = Transform3D(1, 0, 0, 0, 1, 0, 0, 0, 1, -5, 0, -1)
operation = 2
size = Vector3(2, 4, 2)

[node name="CSGBox3D4" type="CSGBox3D" parent="Node3D/CSGBox3D"]
transform = Transform3D(1, 0, 0, 0, 1, 0, 0, 0, 1, 1, 0, -4)
operation = 2
size = Vector3(2, 4, 4)

[node name="coffee" parent="." instance=ExtResource("3_ln8wc")]
transform = Transform3D(1, 0, 0, 0, 1, 0, 0, 0, 1, -2.26213, -0.815835, -0.248327)

[node name="coffee2" parent="." instance=ExtResource("3_ln8wc")]
transform = Transform3D(1, 0, 0, 0, 1, 0, 0, 0, 1, -2.26213, -0.815835, 0.839926)

[node name="coffee3" parent="." instance=ExtResource("3_ln8wc")]
transform = Transform3D(1, 0, 0, 0, 1, 0, 0, 0, 1, -2.26213, -0.815835, 1.75728)

[node name="untitled" parent="." instance=ExtResource("3_pbcwd")]
transform = Transform3D(1, 0, 0, 0, 1, 0, 0, 0, 1, -0.994941, -0.833669, 1.44332)

[node name="Physical Bone Hips" parent="untitled/untitled/Armature (Mecha g)/Skeleton3D" index="1"]
transform = Transform3D(-0.999518, 3.01674e-05, -2.01509e-05, -1.29737e-05, -0.0362308, -0.998936, -4.02853e-05, -0.999463, 0.0362086, -0.00240588, 0.978461, -0.0148666)
joint_offset = Transform3D(1, 0, 0, 0, 1, 0, 0, 0, 1, -0.00240834, -0.000142227, 0.0641956)
body_offset = Transform3D(-0.999518, 3.01637e-05, -2.01504e-05, 4.02816e-05, 0.999463, -0.0362086, -1.29737e-05, -0.0362308, -0.998936, -0.00240588, 0.00246668, 0.0641221)

[node name="Physical Bone Spine" parent="untitled/untitled/Armature (Mecha g)/Skeleton3D" index="2"]
transform = Transform3D(0.999091, 0.0484271, 0.0257544, 0.0270261, -0.0259759, -1.00061, -0.0475476, 1.00024, -0.0272899, -0.00552094, 1.25527, -0.0114826)
joint_offset = Transform3D(1, 0, 0, 0, 1, 0, 0, 0, 1, 0.000154703, -2.17711e-05, 0.208408)
body_offset = Transform3D(1.00017, 0.0274434, 0.00944774, 0.00968758, -0.00836335, -1.00123, -0.0272086, 1.00134, -0.00867883, -0.00212312, 0.208663, 0.00183475)

[node name="Physical Bone Chest" parent="untitled/untitled/Armature (Mecha g)/Skeleton3D" index="3"]
transform = Transform3D(0.979215, 0.1454, 0.143917, 0.140883, 0.0306949, -0.990155, -0.14828, 0.989049, 0.0095628, -0.0243306, 1.56012, -0.00634444)
joint_offset = Transform3D(1, 0, 0, 0, 1, 0, 0, 0, 1, 0.0042292, -0.00347115, 0.0958262)
body_offset = Transform3D(0.988817, 0.0815465, 0.127686, 0.130107, -0.0256573, -0.991772, -0.077523, 0.99649, -0.0359941, -0.0161345, 0.0943984, 0.007236)

[node name="Physical Bone Neck" parent="untitled/untitled/Armature (Mecha g)/Skeleton3D" index="4"]
transform = Transform3D(0.968319, 0.183321, 0.1696, 0.205107, -0.196413, -0.958489, -0.142491, 0.963039, -0.227836, -0.0532174, 1.73955, 0.0127043)
joint_offset = Transform3D(1, 0, 0, 0, 1, 0, 0, 0, 1, 0.029221, -0.00757021, 0.092892)
body_offset = Transform3D(0.981143, 0.109892, 0.159073, 0.163956, -0.037232, -0.985438, -0.102423, 0.993059, -0.0546143, -0.0426147, 0.0864665, 0.0155838)

[node name="Physical Bone Head" parent="untitled/untitled/Armature (Mecha g)/Skeleton3D" index="5"]
transform = Transform3D(0.954659, 0.140572, 0.266353, 0.268764, 0.00293763, -0.963588, -0.135931, 0.990406, -0.0349503, -0.0942464, 1.90554, 0.0351852)
joint_offset = Transform3D(1, 0, 0, 0, 1, 0, 0, 0, 1, 0.0612824, -0.0142828, 0.0919356)
body_offset = Transform3D(0.971886, 0.0649761, 0.230838, 0.234495, -0.053779, -0.970996, -0.0503395, 0.996774, -0.0674395, -0.0798537, 0.0741306, 0.0235217)

[node name="Physical Bone Left shoulder" parent="untitled/untitled/Armature (Mecha g)/Skeleton3D" index="6"]
transform = Transform3D(0.00648061, -0.212105, -0.977156, 0.0406142, 0.976416, -0.211517, 0.999186, -0.0382986, 0.0149346, 0.0655383, 1.62711, -0.00802791)
joint_offset = Transform3D(1, 0, 0, 0, 1, 0, 0, 0, 1, -0.00699618, -0.00668133, 0.0716356)
body_offset = Transform3D(0.986889, 0.00922707, -0.161315, -0.161389, 0.00515644, -0.986777, -0.00826068, 0.999866, 0.0067364, 0.018522, 0.0695937, 0.00614008)

[node name="Physical Bone Left arm" parent="untitled/untitled/Armature (Mecha g)/Skeleton3D" index="7"]
transform = Transform3D(-0.846065, 0.413739, -0.336022, -0.215547, 0.310867, 0.92553, 0.487395, 0.855503, -0.173882, 0.200552, 1.47955, 0.00953913)
joint_offset = Transform3D(1, 0, 0, 0, 1, 0, 0, 0, 1, -0.0406557, -0.00746096, 0.170143)
body_offset = Transform3D(0.952566, 0.261243, -0.155386, -0.144629, -0.0601542, -0.987533, -0.267471, 0.963243, -0.0195959, 0.0671142, 0.161693, -0.000353396)

[node name="Physical Bone Left elbow" parent="untitled/untitled/Armature (Mecha g)/Skeleton3D" index="8"]
transform = Transform3D(-0.485896, 0.550897, 0.679137, 0.84159, 0.505437, 0.192451, -0.237006, 0.665473, -0.70881, 0.195581, 1.40356, 0.054688)
joint_offset = Transform3D(1, 0, 0, 0, 1, 0, 0, 0, 1, -0.0896866, -0.01927, 0.13096)
body_offset = Transform3D(0.935733, 0.259093, 0.240504, 0.233521, 0.0582442, -0.970976, -0.265351, 0.965032, -0.00626674, 0.0574191, 0.149225, -0.00438154)

[node name="Physical Bone Left wrist" parent="untitled/untitled/Armature (Mecha g)/Skeleton3D" index="9"]
transform = Transform3D(-0.0624145, 0.79959, 0.597631, 0.877296, 0.329633, -0.349185, -0.475986, 0.502701, -0.721767, 0.0626075, 1.4372, 0.23014)
joint_offset = Transform3D(1, 0, 0, 0, 1, 0, 0, 0, 1, -0.0281116, -0.0120797, 0.161135)
body_offset = Transform3D(0.922812, 0.269757, -0.27541, -0.271225, -0.0531118, -0.961046, -0.273789, 0.961832, 0.0240947, 0.0735785, 0.146592, 3.95179e-05)

[node name="Physical Bone Right shoulder" parent="untitled/untitled/Armature (Mecha g)/Skeleton3D" index="10"]
transform = Transform3D(0.0180885, -0.336379, 0.941888, -0.188095, 0.923019, 0.333871, -0.982433, -0.182906, -0.0465942, -0.123417, 1.56642, -0.00173521)
joint_offset = Transform3D(1, 0, 0, 0, 1, 0, 0, 0, 1, 0.00565027, 0.00133733, 0.114921)
body_offset = Transform3D(0.980463, -0.0333908, 0.196115, 0.185446, 0.509922, -0.840191, -0.0720029, 0.85874, 0.506371, -0.0280329, 0.0948256, -0.0589341)

[node name="Physical Bone Right arm" parent="untitled/untitled/Armature (Mecha g)/Skeleton3D" index="11"]
transform = Transform3D(-0.254627, -0.965499, 0.0551342, 0.0529578, 0.0429259, 0.997498, -0.965154, 0.257037, 0.0401719, -0.235023, 1.36016, -0.0366096)
joint_offset = Transform3D(1, 0, 0, 0, 1, 0, 0, 0, 1, 0.0229737, -0.0342067, 0.274572)
body_offset = Transform3D(0.974139, 0.187265, 0.123285, 0.0945128, 0.155465, -0.983151, -0.20318, 0.96998, 0.133684, -0.0498244, 0.273092, 0.00114179)

[node name="Physical Bone Right elbow" parent="untitled/untitled/Armature (Mecha g)/Skeleton3D" index="12"]
transform = Transform3D(-0.163036, -0.985739, 0.0429028, -0.0491025, 0.0514857, 0.997729, -0.986166, 0.160298, -0.0568749, -0.2499, 1.08222, -0.0360457)
joint_offset = Transform3D(1, 0, 0, 0, 1, 0, 0, 0, 1, 0.0417355, 0.0221526, 0.230616)
body_offset = Transform3D(0.936358, 0.234696, -0.263658, -0.278117, 0.0291867, -0.960452, -0.217713, 0.971645, 0.0924955, 0.0165251, 0.232456, -0.033769)

[node name="Physical Bone Right wrist" parent="untitled/untitled/Armature (Mecha g)/Skeleton3D" index="13"]
transform = Transform3D(-0.338666, -0.932017, 0.132662, -0.391819, 0.267797, 0.880488, -0.855836, 0.24611, -0.455701, -0.280733, 0.859105, 0.0792807)
joint_offset = Transform3D(1, 0, 0, 0, 1, 0, 0, 0, 1, -0.0183792, 0.035807, 0.253929)
body_offset = Transform3D(1.00014, 0.0148591, -0.0131121, -0.0138719, 0.0464458, -0.999087, -0.0141427, 0.999281, 0.0466289, 0.0211793, 0.251779, -0.0478816)

[node name="Physical Bone Left leg" parent="untitled/untitled/Armature (Mecha g)/Skeleton3D" index="14"]
transform = Transform3D(0.848542, 0.00403276, -0.529183, 0.409682, -0.637875, 0.65241, -0.334973, -0.771261, -0.542438, 0.205963, 0.781014, 0.0981904)
joint_offset = Transform3D(1, 0, 0, 0, 1, 0, 0, 0, 1, 6.61957e-05, -0.000200901, 0.204121)
body_offset = Transform3D(0.964036, -0.069932, -0.256476, -0.247496, 0.11535, -0.961936, 0.0972169, 0.99174, 0.0938703, 0.0522743, 0.196391, -0.0189681)

[node name="Physical Bone Left knee" parent="untitled/untitled/Armature (Mecha g)/Skeleton3D" index="15"]
transform = Transform3D(0.855531, -0.510751, -0.0853701, 0.321413, 0.394468, 0.860608, -0.405851, -0.764172, 0.501685, 0.330088, 0.480427, 0.110359)
joint_offset = Transform3D(1, 0, 0, 0, 1, 0, 0, 0, 1, -0.0954202, 0.0310602, 0.145008)
body_offset = Transform3D(0.968403, -0.246049, -0.0406492, 0.0223296, 0.248203, -0.968353, 0.248297, 0.937169, 0.245482, 0.105942, 0.13484, -0.0410129)

[node name="Physical Bone Left ankle" parent="untitled/untitled/Armature (Mecha g)/Skeleton3D" index="16"]
transform = Transform3D(0.888775, -0.284322, -0.359258, 0.0107807, -0.770806, 0.636642, -0.458034, -0.569936, -0.682112, 0.397583, 0.205544, 0.113102)
joint_offset = Transform3D(1, 0, 0, 0, 1, 0, 0, 0, 1, -0.0814791, 0.0833934, 0.25317)
body_offset = Transform3D(0.980618, -0.144797, -0.131331, -0.123084, 0.0644009, -0.99012, 0.151893, 0.987266, 0.0455063, 0.125224, 0.235269, -0.0814762)

[node name="Physical Bone Left toe" parent="untitled/untitled/Armature (Mecha g)/Skeleton3D" index="17"]
transform = Transform3D(-0.888866, -0.0313921, -0.457708, -0.0135733, 0.998825, -0.0422714, 0.45821, -0.031324, -0.889094, 0.464768, 0.113973, 0.241267)
joint_offset = Transform3D(1, 0, 0, 0, 1, 0, 0, 0, 1, 0.117014, 0.000153952, 0.184412)
body_offset = Transform3D(0.980862, -0.0170953, 0.194703, 0.194178, -0.0202937, -0.981624, 0.020713, 0.999457, -0.0166044, -0.150678, 0.158305, 0.000484467)

[node name="Physical Bone Right leg" parent="untitled/untitled/Armature (Mecha g)/Skeleton3D" index="18"]
transform = Transform3D(0.993781, 0.0317152, 0.111421, -0.0693053, -0.608088, 0.791124, 0.0930313, -0.793904, -0.601831, -0.120808, 0.752744, 0.110321)
joint_offset = Transform3D(1, 0, 0, 0, 1, 0, 0, 0, 1, 6.89661e-05, -0.000164932, 0.20414)
body_offset = Transform3D(0.993713, -0.0530069, -0.104016, -0.10047, 0.0646865, -0.993063, 0.0591521, 0.997029, 0.0591569, 0.0211565, 0.202741, -0.0119159)

[node name="Physical Bone Right knee" parent="untitled/untitled/Armature (Mecha g)/Skeleton3D" index="19"]
transform = Transform3D(0.989575, -0.145466, -0.00252588, 0.091512, 0.608323, 0.788366, -0.113114, -0.780392, 0.615145, -0.138656, 0.438825, 0.103104)
joint_offset = Transform3D(1, 0, 0, 0, 1, 0, 0, 0, 1, -0.042622, 0.012011, 0.175565)
body_offset = Transform3D(0.992009, -0.127835, 0.00150068, 0.00793681, 0.0504531, -0.998665, 0.127602, 0.990627, 0.0509489, 0.0435534, 0.175063, -0.0154046)

[node name="Physical Bone Right ankle" parent="untitled/untitled/Armature (Mecha g)/Skeleton3D" index="20"]
transform = Transform3D(0.963341, -0.156731, -0.220022, 0.0172426, -0.777345, 0.628492, -0.269545, -0.609124, -0.745806, -0.102081, 0.1946, 0.0838597)
joint_offset = Transform3D(1, 0, 0, 0, 1, 0, 0, 0, 1, -0.0391968, 0.0237412, 0.173812)
body_offset = Transform3D(0.97574, -0.160937, -0.15182, -0.140076, 0.0819508, -0.986546, 0.171136, 0.983487, 0.0575831, 0.0684548, 0.164037, -0.0266498)

[node name="Physical Bone Right toe" parent="untitled/untitled/Armature (Mecha g)/Skeleton3D" index="21"]
transform = Transform3D(-0.962553, -0.0405453, -0.267063, -0.0171431, 0.995286, -0.089266, 0.269534, -0.0816288, -0.959441, -0.0613365, 0.106871, 0.223768)
joint_offset = Transform3D(1, 0, 0, 0, 1, 0, 0, 0, 1, 0.0796887, -0.0109911, 0.0905142)
body_offset = Transform3D(0.974949, -0.00992461, 0.220999, 0.219709, -0.0721191, -0.972815, 0.0255661, 0.996796, -0.0678818, -0.0978051, 0.0697526, 0.0150628)

[node name="Physical Bone Spine001" parent="untitled/untitled/Armature (Mecha g)/Skeleton3D" index="22"]
transform = Transform3D(0.980917, 0.182006, -0.0700816, -0.109659, 0.811429, 0.574346, 0.161297, -0.555695, 0.815791, 0.0333345, 0.754618, -0.34546)
joint_offset = Transform3D(1, 0, 0, 0, 1, 0, 0, 0, 1, 4.34984e-06, 0.000103559, 0.168925)
body_offset = Transform3D(1.00012, -7.45058e-08, -1.34036e-05, 0.000128604, 8.79169e-06, -1.00015, -7.971e-05, 1.00017, -3.64184e-05, -2.08616e-06, 0.16895, -9.74238e-05)

[node name="Physical Bone Spine002" parent="untitled/untitled/Armature (Mecha g)/Skeleton3D" index="23"]
transform = Transform3D(0.987845, 0.153305, -0.029384, -0.152174, 0.988157, 0.0372355, 0.0347049, -0.0323081, 0.999946, 0.0537506, 0.646738, -0.775799)
joint_offset = Transform3D(1, 0, 0, 0, 1, 0, 0, 0, 1, 1.10362e-06, 0.000152953, 0.292664)
body_offset = Transform3D(1.0001, -7.43837e-05, 1.56276e-06, -8.29063e-06, 6.11837e-05, -1.00107, 2.32938e-05, 1.0005, 4.47216e-05, -1.54972e-06, 0.292977, -0.000166118)

[node name="Physical Bone Spine003" parent="untitled/untitled/Armature (Mecha g)/Skeleton3D" index="24"]
transform = Transform3D(0.989414, 0.150241, -0.0174858, -0.151181, 0.983758, -0.100877, 0.00226682, 0.102804, 0.991814, 0.0657969, 0.654667, -1.25371)
joint_offset = Transform3D(1, 0, 0, 0, 1, 0, 0, 0, 1, -0.000174384, 0.000147969, 0.186645)
body_offset = Transform3D(1.0009, 4.67282e-05, -1.01589e-05, -0.000209067, -6.24359e-05, -0.997084, 0.000111322, 1.00046, 3.47048e-05, 0.00017643, 0.186101, -0.000154495)

[node name="BoneAttachment3D" parent="untitled/untitled/Armature (Mecha g)/Skeleton3D" index="25"]
transform = Transform3D(-0.173413, -0.966696, 0.18822, 0.98485, -0.170241, 0.0330131, 0.000129141, 0.191094, 0.981572, -0.00324984, 1.37288, 0.325833)

[node name="Area3D" parent="untitled/untitled" index="2"]
collision_layer = 7

[connection signal="body_exited" from="untitled/untitled/Area3D" to="untitled/untitled/Armature (Mecha g)/Skeleton3D/BoneAttachment3D" method="_on_area_3d_body_exited"]

[editable path="coffee"]
[editable path="coffee2"]
[editable path="coffee3"]
[editable path="untitled"]
[editable path="untitled/untitled"]
