[gd_scene load_steps=16 format=3 uid="uid://btp5snpmod6i"]

[ext_resource type="Texture2D" uid="uid://d3uyn04t7gn5i" path="res://textures/Orange/texture_01.png" id="2_547ht"]
[ext_resource type="PackedScene" uid="uid://dynlqlpmlpa5p" path="res://ITEMS/coffee_cup.tscn" id="3_ln8wc"]
[ext_resource type="PackedScene" uid="uid://bqv7os70gkkry" path="res://animations/character_movement_2.tscn" id="3_pbcwd"]
[ext_resource type="PackedScene" uid="uid://cldcqubi7dtci" path="res://ITEMS/random_box.tscn" id="4_f1ch3"]
[ext_resource type="PackedScene" uid="uid://d3i4wdg83uyjt" path="res://ITEMS/fridge.tscn" id="5_b5jrv"]
[ext_resource type="PackedScene" uid="uid://0fuf0gmc4ihi" path="res://ITEMS/beer.tscn" id="6_bxryp"]
[ext_resource type="PackedScene" uid="uid://dcuhiv4750vv1" path="res://level/house/house_meshes_with_items.glb" id="7_kjfmu"]
[ext_resource type="PackedScene" uid="uid://dtg6rluri4kke" path="res://ITEMS/Tv.tscn" id="8_s2bro"]
[ext_resource type="PackedScene" uid="uid://dh8it4jsck1xu" path="res://ITEMS/cereal.tscn" id="9_qph82"]
[ext_resource type="PackedScene" uid="uid://o1cklxr0vrag" path="res://ITEMS/milk.tscn" id="10_veexa"]
[ext_resource type="PackedScene" uid="uid://b8ti0selmekbp" path="res://ITEMS/juice.tscn" id="11_v2hmo"]

[sub_resource type="Environment" id="Environment_cm4hq"]
ssil_enabled = true
volumetric_fog_enabled = true

[sub_resource type="CameraAttributesPractical" id="CameraAttributesPractical_ugn23"]

[sub_resource type="ShaderMaterial" id="ShaderMaterial_1dirg"]

[sub_resource type="StandardMaterial3D" id="StandardMaterial3D_l1td8"]
albedo_texture = ExtResource("2_547ht")
uv1_triplanar = true

[node name="WorldEnvironment" type="WorldEnvironment"]
environment = SubResource("Environment_cm4hq")
camera_attributes = SubResource("CameraAttributesPractical_ugn23")

[node name="Node3D" type="Node3D" parent="."]

[node name="OmniLight3D" type="OmniLight3D" parent="Node3D"]
transform = Transform3D(1, 0, 0, 0, 1, 0, 0, 0, 1, 0, 0.97587, 2)
omni_range = 4.0

[node name="OmniLight3D2" type="OmniLight3D" parent="Node3D"]
transform = Transform3D(1, 0, 0, 0, 1, 0, 0, 0, 1, 4, 0.97587, 6)
visible = false
light_color = Color(0.980392, 1, 0.901961, 1)

[node name="OmniLight3D3" type="OmniLight3D" parent="Node3D"]
transform = Transform3D(1, 0, 0, 0, 1, 0, 0, 0, 1, -5.86017, 1.42423, -8.04165)
light_color = Color(0.980392, 1, 0.901961, 1)

[node name="CSGBox3D" type="CSGBox3D" parent="Node3D"]
transform = Transform3D(1, 0, 0, 0, 1, 0, 0, 0, 1, 0, 0, -3)
visible = false
material_override = SubResource("ShaderMaterial_1dirg")
material_overlay = SubResource("StandardMaterial3D_l1td8")
use_collision = true
collision_layer = 7
collision_mask = 3
size = Vector3(20, 8, 22)

[node name="CSGBox3D2" type="CSGBox3D" parent="Node3D/CSGBox3D"]
operation = 2
size = Vector3(18, 4, 20)

[node name="CSGBox3D3" type="CSGBox3D" parent="Node3D/CSGBox3D"]
transform = Transform3D(1, 0, 0, 0, 1, 0, 0, 0, 1, 0, 0, 3)
size = Vector3(8, 4, 2)

[node name="CSGBox3D7" type="CSGBox3D" parent="Node3D/CSGBox3D"]
transform = Transform3D(1, 0, 0, 0, 1, 0, 0, 0, 1, 1, 0, -2)
size = Vector3(6, 4, 2)

[node name="CSGBox3D9" type="CSGBox3D" parent="Node3D/CSGBox3D"]
transform = Transform3D(1, 0, 0, 0, 1, 0, 0, 0, 1, -3, 0, -2)
size = Vector3(2, 4, 2)

[node name="CSGBox3D10" type="CSGBox3D" parent="Node3D/CSGBox3D"]
transform = Transform3D(1, 0, 0, 0, 1, 0, 0, 0, 1, -8, 0, -2)
size = Vector3(2, 4, 2)

[node name="CSGBox3D8" type="CSGBox3D" parent="Node3D/CSGBox3D"]
transform = Transform3D(1, 0, 0, 0, 1, 0, 0, 0, 1, -1, 0, -7)
size = Vector3(2, 4, 8)

[node name="CSGBox3D6" type="CSGBox3D" parent="Node3D/CSGBox3D"]
transform = Transform3D(1, 0, 0, 0, 1, 0, 0, 0, 1, -11, 0, 3)
size = Vector3(10, 4, 2)

[node name="CSGBox3D4" type="CSGBox3D" parent="Node3D/CSGBox3D"]
transform = Transform3D(1, 0, 0, 0, 1, 0, 0, 0, 1, 0, 0, 8)
size = Vector3(2, 4, 4)

[node name="CSGBox3D5" type="CSGBox3D" parent="Node3D/CSGBox3D"]
transform = Transform3D(1, 0, 0, 0, 1, 0, 0, 0, 1, 9, 0, 3)
size = Vector3(6, 4, 2)

[node name="coffee" parent="." instance=ExtResource("3_ln8wc")]
unique_name_in_owner = true
transform = Transform3D(1, 0, 0, 0, 1, 0, 0, 0, 1, -2.26213, -0.815835, 1.75167)

[node name="coffee2" parent="." instance=ExtResource("3_ln8wc")]
transform = Transform3D(1, 0, 0, 0, 1, 0, 0, 0, 1, -2.26213, -0.815835, 0.839926)

[node name="Cube" parent="coffee2" index="1"]
transform = Transform3D(0.1, 0, 0, 0, 0.1, 0, 0, 0, 0.1, 8.4, 0, 1.3)

[node name="coffee3" parent="." instance=ExtResource("3_ln8wc")]
transform = Transform3D(1, 0, 0, 0, 1, 0, 0, 0, 1, -2.26213, -0.815835, 1.75728)

[node name="untitled" parent="." instance=ExtResource("3_pbcwd")]
transform = Transform3D(1, 0, 0, 0, 1, 0, 0, 0, 1, 3.00506, -0.833669, 3.44332)

[node name="Armature (Mecha g)" parent="untitled/untitled" index="0"]
transform = Transform3D(0.994844, 0.00914838, -0.101015, -0.00890496, 0.999955, 0.00286066, 0.101036, -0.00194637, 0.994882, -0.0197568, -0.0416348, 0.0115021)

[node name="Physical Bone Hips" parent="untitled/untitled/Armature (Mecha g)/Skeleton3D" index="1"]
transform = Transform3D(-0.999489, 9.02712e-05, 0.000189788, -2.3265e-05, -0.0362475, -0.999649, -3.84673e-05, -1.00013, 0.0357443, 0.00149202, 0.671437, -0.0148277)
joint_offset = Transform3D(1, 0, 0, 0, 1, 0, 0, 0, 1, 0.00144572, -0.0110972, -0.242585)
body_offset = Transform3D(-0.999489, 9.02563e-05, 0.000189786, 3.84599e-05, 1.00013, -0.0357443, -2.32632e-05, -0.0362475, -0.999649, 0.00149202, 0.00242758, -0.242902)

[node name="Physical Bone Spine" parent="untitled/untitled/Armature (Mecha g)/Skeleton3D" index="2"]
transform = Transform3D(1.00008, 0.00718442, -0.027237, -0.0224624, -0.38178, -0.925545, -0.0168978, 0.92616, -0.3814, 0.00547671, 1.23945, 0.062125)
joint_offset = Transform3D(1, 0, 0, 0, 1, 0, 0, 0, 1, 0.000192787, 8.2925e-05, 0.208175)
body_offset = Transform3D(1.00036, 0.0083235, -0.012812, -0.00997275, -0.281695, -0.96094, -0.0114687, 0.961332, -0.281551, 0.00247359, 0.200069, 0.0585344)

[node name="Physical Bone Chest" parent="untitled/untitled/Armature (Mecha g)/Skeleton3D" index="3"]
transform = Transform3D(0.990495, 0.103124, 0.0947475, 0.137914, -0.604656, -0.785748, -0.0237768, 0.79257, -0.612253, 0.00265837, 1.50738, 0.200488)
joint_offset = Transform3D(1, 0, 0, 0, 1, 0, 0, 0, 1, 0.00128876, -0.11002, 0.140785)
body_offset = Transform3D(0.996361, 0.0492883, 0.0742117, 0.0889589, -0.513433, -0.854522, -0.00410341, 0.859283, -0.515282, -0.00630927, 0.0637014, 0.167088)

[node name="Physical Bone Neck" parent="untitled/untitled/Armature (Mecha g)/Skeleton3D" index="4"]
transform = Transform3D(0.977189, 0.0329971, 0.209558, 0.088289, -0.961228, -0.260209, 0.192894, 0.27273, -0.942489, -0.0304685, 1.56811, 0.319886)
joint_offset = Transform3D(1, 0, 0, 0, 1, 0, 0, 0, 1, -0.0175909, -0.156089, 0.238393)
body_offset = Transform3D(0.974888, -0.0472659, 0.217399, 0.0835762, -0.827553, -0.554747, 0.206177, 0.558885, -0.803058, -0.0420549, 0.00454623, 0.282306)

[node name="Physical Bone Head" parent="untitled/untitled/Armature (Mecha g)/Skeleton3D" index="5"]
transform = Transform3D(0.935843, -0.0958377, 0.341193, -0.0222973, -0.976409, -0.21421, 0.35383, 0.192869, -0.9154, -0.0831211, 1.59857, 0.458072)
joint_offset = Transform3D(1, 0, 0, 0, 1, 0, 0, 0, 1, -0.0650022, -0.294013, 0.298692)
body_offset = Transform3D(0.917758, -0.199255, 0.345408, -0.0836104, -0.942592, -0.323041, 0.39016, 0.267537, -0.881246, -0.102098, -0.186079, 0.367242)

[node name="Physical Bone Left shoulder" parent="untitled/untitled/Armature (Mecha g)/Skeleton3D" index="6"]
transform = Transform3D(-0.104438, -0.521731, -0.846531, -0.668761, 0.666866, -0.328363, 0.736144, 0.531855, -0.418434, 0.0851831, 1.56223, 0.259146)
joint_offset = Transform3D(1, 0, 0, 0, 1, 0, 0, 0, 1, -0.174481, -0.0454193, 0.14314)
body_offset = Transform3D(0.781011, 0.450159, -0.432741, -0.277556, -0.370722, -0.886126, -0.559501, 0.812223, -0.164441, 0.21866, 0.0615737, -0.0371937)

[node name="Physical Bone Left arm" parent="untitled/untitled/Armature (Mecha g)/Skeleton3D" index="7"]
transform = Transform3D(-0.397067, 0.818141, -0.415651, -0.631599, 0.0849091, 0.770511, 0.665768, 0.568402, 0.483103, 0.238001, 1.50422, 0.225053)
joint_offset = Transform3D(1, 0, 0, 0, 1, 0, 0, 0, 1, -0.190091, -0.135615, 0.0405777)
body_offset = Transform3D(0.799277, 0.0767653, 0.595906, 0.574029, 0.195141, -0.795123, -0.177412, 0.977585, 0.111882, 0.138165, 0.167846, 0.0943112)

[node name="Physical Bone Left elbow" parent="untitled/untitled/Armature (Mecha g)/Skeleton3D" index="8"]
transform = Transform3D(-0.51266, 0.828324, -0.235083, -0.101673, 0.213773, 0.971444, 0.866219, 0.519619, -0.025378, 0.318799, 1.30324, 0.161972)
joint_offset = Transform3D(1, 0, 0, 0, 1, 0, 0, 0, 1, -0.0505737, -0.0770194, 0.0341878)
body_offset = Transform3D(0.950989, 0.102992, 0.326021, 0.323615, 0.0767359, -0.944355, -0.11994, 0.992637, 0.0389314, 0.0448815, 0.054562, 0.0690556)

[node name="Physical Bone Left wrist" parent="untitled/untitled/Armature (Mecha g)/Skeleton3D" index="9"]
transform = Transform3D(-0.193549, 0.980235, 0.0399992, 0.446137, 0.0515476, 0.893468, 0.8739, 0.190749, -0.447395, 0.373717, 1.0793, 0.24233)
joint_offset = Transform3D(1, 0, 0, 0, 1, 0, 0, 0, 1, -0.0479053, -0.0870383, 0.0691345)
body_offset = Transform3D(0.953312, -0.299351, 0.0420589, 0.0317244, -0.039585, -0.998737, 0.300649, 0.95327, -0.0283444, 0.016706, 0.0671215, 0.0993333)

[node name="Physical Bone Right shoulder" parent="untitled/untitled/Armature (Mecha g)/Skeleton3D" index="10"]
transform = Transform3D(-0.527136, -0.513216, 0.677312, 0.278745, 0.647157, 0.708966, -0.803328, 0.561447, -0.198552, -0.0682807, 1.4716, 0.254053)
joint_offset = Transform3D(1, 0, 0, 0, 1, 0, 0, 0, 1, 0.169644, -0.0642892, 0.174516)
body_offset = Transform3D(0.875667, -0.456432, 0.158738, 0.416952, 0.545614, -0.726904, 0.24549, 0.701, 0.668745, -0.205598, 0.0912001, -0.113286)

[node name="Physical Bone Right arm" parent="untitled/untitled/Armature (Mecha g)/Skeleton3D" index="11"]
transform = Transform3D(0.0242272, -0.647915, 0.761145, 0.997775, 0.0583368, 0.0179878, -0.0559889, 0.759529, 0.647596, -0.467158, 1.34274, -0.0806687)
joint_offset = Transform3D(1, 0, 0, 0, 1, 0, 0, 0, 1, 0.247938, -0.0516945, 0.312479)
body_offset = Transform3D(0.0820973, -0.163914, -0.982532, -0.881773, 0.447175, -0.148397, 0.463695, 0.879345, -0.107957, 0.278192, 0.288112, -0.0357759)

[node name="Physical Bone Right elbow" parent="untitled/untitled/Armature (Mecha g)/Skeleton3D" index="12"]
transform = Transform3D(-0.0192466, -0.936089, 0.345301, 0.857937, 0.164595, 0.487859, -0.514877, 0.30837, 0.791122, -0.399524, 1.36448, -0.272712)
joint_offset = Transform3D(1, 0, 0, 0, 1, 0, 0, 0, 1, -0.277117, 0.0614823, 0.350196)
body_offset = Transform3D(-0.0624661, 0.500828, -0.855495, -0.938652, 0.26548, 0.216485, 0.341401, 0.822884, 0.452079, 0.251488, -0.352251, -0.114301)

[node name="Physical Bone Right wrist" parent="untitled/untitled/Armature (Mecha g)/Skeleton3D" index="13"]
transform = Transform3D(-0.489581, -0.833679, 0.257861, 0.836991, -0.365026, 0.409081, -0.246644, 0.415927, 0.875627, -0.539106, 1.51349, -0.323648)
joint_offset = Transform3D(1, 0, 0, 0, 1, 0, 0, 0, 1, -0.541437, 0.256599, 0.475459)
body_offset = Transform3D(-0.396299, 0.452356, -0.799551, -0.664765, 0.459923, 0.589294, 0.634122, 0.764921, 0.118378, 0.0495086, -0.758129, 0.0907757)

[node name="Physical Bone Left leg" parent="untitled/untitled/Armature (Mecha g)/Skeleton3D" index="14"]
transform = Transform3D(0.948044, -0.258305, -0.185434, -0.261917, -0.965946, 0.00639273, -0.180572, 0.0423441, -0.98261, 0.135618, 0.912329, 0.188195)
joint_offset = Transform3D(1, 0, 0, 0, 1, 0, 0, 0, 1, 4.21181e-05, -0.000741854, 0.204105)
body_offset = Transform3D(0.876384, -0.463094, 0.131994, 0.422654, 0.608806, -0.671895, 0.230887, 0.645341, 0.728754, -0.0273211, 0.137571, -0.148273)

[node name="Physical Bone Left knee" parent="untitled/untitled/Armature (Mecha g)/Skeleton3D" index="15"]
transform = Transform3D(0.979138, -0.0925182, 0.180667, -0.189153, -0.0925692, 0.977412, -0.0737298, -0.990834, -0.107906, 0.13295, 0.732208, 0.431999)
joint_offset = Transform3D(1, 0, 0, 0, 1, 0, 0, 0, 1, 0.146994, 0.192974, -0.060004)
body_offset = Transform3D(0.915424, 0.114119, 0.385737, 0.256074, 0.574006, -0.777553, -0.310404, 0.810169, 0.496222, -0.133438, -0.195066, -0.0809391)

[node name="Physical Bone Left ankle" parent="untitled/untitled/Armature (Mecha g)/Skeleton3D" index="16"]
transform = Transform3D(0.957984, -0.282408, 0.0440682, -0.284976, -0.93206, 0.222545, -0.0218048, -0.226011, -0.973811, 0.0843961, 0.510115, 0.600545)
joint_offset = Transform3D(1, 0, 0, 0, 1, 0, 0, 0, 1, 0.253252, 0.278958, 0.50614)
body_offset = Transform3D(0.914698, -0.263605, 0.305427, 0.394275, 0.423887, -0.815094, 0.0854147, 0.866258, 0.492049, -0.312703, 0.194454, -0.512327)

[node name="Physical Bone Left toe" parent="untitled/untitled/Armature (Mecha g)/Skeleton3D" index="17"]
transform = Transform3D(-0.95877, 0.236523, -0.15627, 0.282857, 0.840755, -0.458302, 0.023049, -0.482921, -0.87358, 0.0830839, 0.492486, 0.770687)
joint_offset = Transform3D(1, 0, 0, 0, 1, 0, 0, 0, 1, -0.36703, -0.0202758, 0.611097)
body_offset = Transform3D(0.915499, -0.398284, -0.0495006, -0.232926, -0.424604, -0.873265, 0.327697, 0.810621, -0.482245, 0.358189, 0.43955, 0.431409)

[node name="Physical Bone Right leg" parent="untitled/untitled/Armature (Mecha g)/Skeleton3D" index="18"]
transform = Transform3D(0.900573, -0.256995, 0.352061, -0.253457, -0.966331, -0.0567762, 0.354795, -0.0384837, -0.93463, -0.170006, 0.925323, 0.178272)
joint_offset = Transform3D(1, 0, 0, 0, 1, 0, 0, 0, 1, 1.39046e-05, -0.000625126, 0.204038)
body_offset = Transform3D(0.967218, -0.158627, 0.201082, 0.2389, 0.841855, -0.484821, -0.0925577, 0.517146, 0.851598, -0.041141, 0.099445, -0.173434)

[node name="Physical Bone Right knee" parent="untitled/untitled/Armature (Mecha g)/Skeleton3D" index="19"]
transform = Transform3D(0.972444, 0.231698, -0.0284894, -0.0118476, 0.172418, 0.984666, 0.232846, -0.957507, 0.170562, -0.240385, 0.746763, 0.341498)
joint_offset = Transform3D(1, 0, 0, 0, 1, 0, 0, 0, 1, 0.0380283, 0.127463, -0.202123)
body_offset = Transform3D(0.999758, -0.00879744, 0.0204778, 0.0218691, 0.540519, -0.840938, -0.00321689, 0.841423, 0.540254, -0.0327587, -0.239701, 0.00206947)

[node name="Physical Bone Right ankle" parent="untitled/untitled/Armature (Mecha g)/Skeleton3D" index="20"]
transform = Transform3D(0.960228, -0.0894751, 0.267979, -0.136548, -0.976593, 0.164316, 0.24734, -0.19469, -0.949097, -0.272025, 0.529662, 0.444789)
joint_offset = Transform3D(1, 0, 0, 0, 1, 0, 0, 0, 1, 0.0722618, 0.326061, 0.486791)
body_offset = Transform3D(0.989507, -0.151321, -0.00110346, 0.0866693, 0.574501, -0.813428, 0.123384, 0.804173, 0.581318, -0.0216265, 0.202384, -0.554106)

[node name="Physical Bone Right toe" parent="untitled/untitled/Armature (Mecha g)/Skeleton3D" index="21"]
transform = Transform3D(-0.958963, 0.250584, 0.130255, 0.137096, 0.814861, -0.561426, -0.247038, -0.520424, -0.817271, -0.315109, 0.523826, 0.609569)
joint_offset = Transform3D(1, 0, 0, 0, 1, 0, 0, 0, 1, -0.0973221, -0.0769228, 0.660168)
body_offset = Transform3D(0.988208, -0.107773, 0.106051, 0.0236501, -0.581618, -0.812945, 0.149395, 0.804821, -0.572687, 0.0178728, 0.494242, 0.454518)

[node name="Physical Bone Spine001" parent="untitled/untitled/Armature (Mecha g)/Skeleton3D" index="22"]
transform = Transform3D(0.980906, 0.182001, -0.070027, -0.10966, 0.81143, 0.574338, 0.161298, -0.555714, 0.815777, 0.0332828, 0.754106, -0.345371)
joint_offset = Transform3D(1, 0, 0, 0, 1, 0, 0, 0, 1, -2.42218e-05, 0.000576604, 0.169146)
body_offset = Transform3D(1.00011, -7.77841e-06, 3.89367e-05, 0.000127628, 2.31862e-05, -1.00013, -8.3521e-05, 1.00018, -2.5928e-05, 1.7643e-05, 0.169168, -0.000572324)

[node name="Physical Bone Spine002" parent="untitled/untitled/Armature (Mecha g)/Skeleton3D" index="23"]
transform = Transform3D(0.987807, 0.153227, -0.0266765, -0.152167, 0.987314, 0.0319126, 0.0347024, -0.0322912, 0.848177, 0.0538206, 0.645079, -0.775767)
joint_offset = Transform3D(1, 0, 0, 0, 1, 0, 0, 0, 1, 0.000292894, 0.00176314, 0.345044)
body_offset = Transform3D(1.00006, -2.25115e-05, -0.00177955, -7.22706e-06, 7.33566e-05, -0.849194, 2.48479e-05, 0.999655, 9.38829e-05, 0.00032115, 0.293009, -0.00179493)

[node name="Physical Bone Spine003" parent="untitled/untitled/Armature (Mecha g)/Skeleton3D" index="24"]
transform = Transform3D(0.989283, 0.150663, -0.0194351, -0.151659, 0.985687, -0.07781, 0.00769254, 0.0803822, 0.992423, 0.0726814, 0.687958, -1.62214)
joint_offset = Transform3D(1, 0, 0, 0, 1, 0, 0, 0, 1, -0.000183626, 1.84944e-05, 0.186919)
body_offset = Transform3D(1.00087, 6.59609e-05, -1.46776e-06, -0.000210412, -6.34566e-05, -0.995658, 0.000113001, 1.00037, 8.54433e-05, 0.000184059, 0.186107, -3.44515e-05)

[node name="BoneAttachment3D" parent="untitled/untitled/Armature (Mecha g)/Skeleton3D" index="25"]
transform = Transform3D(-0.388869, 0.0940638, -0.916478, -0.822974, -0.482615, 0.299661, -0.414119, 0.870767, 0.265086, -0.341161, 1.03705, 0.556842)

[node name="Area3D" parent="untitled/untitled" index="2"]
collision_layer = 7

[node name="RigidBody3D" parent="." instance=ExtResource("4_f1ch3")]
transform = Transform3D(1, 0, 0, 0, 1, 0, 0, 0, 1, -5.55503, -0.693121, 3)

[node name="CSGCombiner3D" type="CSGCombiner3D" parent="."]

[node name="env_item_fridge" parent="." instance=ExtResource("5_b5jrv")]
transform = Transform3D(-0.00603879, 0, -0.999982, 0, 1, 0, 0.999982, 0, -0.00603879, -2.84274, -2, -11.4489)

[node name="Node3D2" parent="." instance=ExtResource("6_bxryp")]
transform = Transform3D(1, 0, 0, 0, 1, 0, 0, 0, 1, 2.63836, -2, 5.44145)

[node name="tv" parent="." instance=ExtResource("8_s2bro")]
transform = Transform3D(1, 0, 0, 0, 1, 0, 0, 0, 1, 8, -0.601321, 3.78032)

[node name="tv2" parent="." instance=ExtResource("8_s2bro")]
transform = Transform3D(1, 0, 0, 0, 1, 0, 0, 0, 1, 8, -0.601321, -3.72968)

[node name="house_meshes_with_items" parent="." instance=ExtResource("7_kjfmu")]

[node name="CSGBox3D" type="CSGBox3D" parent="house_meshes_with_items"]
transform = Transform3D(1, 0, 0, 0, 1, 0, 0, 0, 1, -8.13931, -1.39027, -8.64549)
visible = false
use_collision = true
collision_layer = 7
collision_mask = 3
size = Vector3(1.24662, 1.14764, 5.079)

[node name="CSGBox3D2" type="CSGBox3D" parent="house_meshes_with_items"]
transform = Transform3D(1, 0, 0, 0, 1, 0, 0, 0, 1, -6.22472, -1.39027, -11.8498)
visible = false
use_collision = true
collision_layer = 7
collision_mask = 3
size = Vector3(4.3907, 1.14764, 2.19178)

[node name="CSGBox3D3" type="CSGBox3D" parent="house_meshes_with_items"]
transform = Transform3D(1, 0, 0, 0, 1, 0, 0, 0, 1, -5.63763, -1.37427, 4.34966)
visible = false
use_collision = true
collision_layer = 7
collision_mask = 3
size = Vector3(4.11752, 1.71377, 1.66863)

[node name="cereal" parent="." instance=ExtResource("9_qph82")]
transform = Transform3D(0.456399, 0, 0.889775, 0, 1, 0, -0.889775, 0, 0.456399, -7.8167, -0.387366, -8.45286)

[node name="milk" parent="." instance=ExtResource("10_veexa")]
transform = Transform3D(1, 0, 0, 0, 1, 0, 0, 0, 1, -7.67444, 0, -7.72406)

[node name="RigidBody3D2" parent="." instance=ExtResource("11_v2hmo")]
transform = Transform3D(1, 0, 0, 0, 1, 0, 0, 0, 1, -5.27999, -0.198928, -11.1154)

[connection signal="animation_started" from="untitled/untitled/AnimationPlayer" to="untitled" method="_on_animation_player_animation_started"]
[connection signal="body_exited" from="untitled/untitled/Area3D" to="untitled/untitled/Armature (Mecha g)/Skeleton3D/BoneAttachment3D" method="_on_area_3d_body_exited"]

[editable path="coffee"]
[editable path="coffee2"]
[editable path="coffee3"]
[editable path="untitled"]
[editable path="untitled/untitled"]
[editable path="house_meshes_with_items"]
